0 0.180804 0.974330 0.022321 0.046875
0 0.241071 0.930804 0.071429 0.026786
0 0.640625 0.925223 0.026786 0.029018
0 0.301339 0.914062 0.035714 0.042411
0 0.386161 0.899554 0.142857 0.071429
0 0.599330 0.823661 0.055804 0.084821
0 0.723214 0.779018 0.165179 0.031250
0 0.492188 0.799107 0.046875 0.084821
0 0.871652 0.736607 0.118304 0.058036
0 0.950893 0.698661 0.026786 0.008929
0 0.535714 0.709821 0.053571 0.093750
0 0.628348 0.552455 0.095982 0.122768
0 0.697545 0.450893 0.051339 0.080357
0 0.753348 0.389509 0.060268 0.046875
0 0.812500 0.337054 0.062500 0.053571
0 0.927455 0.280134 0.145089 0.046875
0 0.320312 0.143973 0.024554 0.037946