0 0.982143 0.523438 0.026786 0.024554
0 0.862723 0.518973 0.037946 0.020089
0 0.921875 0.501116 0.026786 0.011161
0 0.831473 0.504464 0.024554 0.017857
0 0.766741 0.473214 0.095982 0.049107
0 0.372768 0.443080 0.035714 0.011161
0 0.314732 0.439732 0.049107 0.022321
0 0.430804 0.435268 0.084821 0.017857
0 0.487723 0.427455 0.024554 0.011161
0 0.691964 0.441964 0.049107 0.049107
0 0.264509 0.415179 0.033482 0.017857
0 0.216518 0.410714 0.066964 0.013393
0 0.544643 0.412946 0.040179 0.031250
0 0.151786 0.407366 0.066964 0.029018
0 0.619420 0.407366 0.109375 0.042411
0 0.092634 0.378348 0.055804 0.033482
0 0.030134 0.316964 0.060268 0.080357