0 0.016741 0.883929 0.033482 0.008929
0 0.074777 0.864955 0.087054 0.033482
0 0.871652 0.838170 0.046875 0.020089
0 0.957589 0.829241 0.084821 0.024554
0 0.822545 0.830357 0.046875 0.026786
0 0.766741 0.801339 0.064732 0.049107
0 0.283482 0.818080 0.330357 0.127232
0 0.455357 0.779018 0.071429 0.058036
0 0.236607 0.762277 0.026786 0.029018
0 0.544643 0.767857 0.102679 0.053571
0 0.181920 0.758929 0.073661 0.035714
0 0.071429 0.782366 0.142857 0.082589
0 0.260045 0.742188 0.020089 0.015625
0 0.667411 0.764509 0.138393 0.078125
0 0.295759 0.728795 0.029018 0.011161
0 0.375000 0.738839 0.125000 0.075893
0 0.193080 0.710938 0.033482 0.064732
0 0.494420 0.699777 0.118304 0.055804
0 0.626116 0.693080 0.033482 0.060268
0 0.574777 0.693080 0.051339 0.078125
0 0.417411 0.620536 0.022321 0.026786
0 0.225446 0.641741 0.035714 0.069196
0 0.988839 0.597098 0.022321 0.015625
0 0.073661 0.599330 0.125000 0.029018
0 0.952009 0.588170 0.033482 0.011161
0 0.583705 0.584821 0.033482 0.017857
0 0.171875 0.625000 0.066964 0.102679
0 0.792411 0.582589 0.031250 0.031250
0 0.917411 0.571429 0.022321 0.022321
0 0.604911 0.564732 0.013393 0.031250
0 0.689732 0.601562 0.174107 0.113839
0 0.390625 0.573661 0.120536 0.062500
0 0.420759 0.541295 0.029018 0.006696
0 0.495536 0.549107 0.120536 0.026786
0 0.257812 0.564732 0.100446 0.071429
0 0.804688 0.536830 0.055804 0.042411
0 0.722098 0.527902 0.024554 0.029018
0 0.668527 0.502232 0.078125 0.026786
0 0.908482 0.539062 0.183036 0.109375
0 0.593750 0.512277 0.062500 0.060268
0 0.081473 0.495536 0.024554 0.053571
0 0.858259 0.465402 0.024554 0.033482
0 0.829241 0.424107 0.033482 0.049107
0 0.097098 0.440848 0.194196 0.082589
0 0.754464 0.405134 0.008929 0.064732
0 0.210938 0.393973 0.046875 0.042411
0 0.583705 0.399554 0.020089 0.102679
0 0.782366 0.368304 0.069196 0.058036
0 0.279018 0.386161 0.084821 0.093750
0 0.329241 0.338170 0.015625 0.011161
0 0.728795 0.327009 0.033482 0.029018
0 0.545759 0.327009 0.060268 0.033482
0 0.628348 0.315848 0.055804 0.024554
0 0.010045 0.304688 0.020089 0.015625
0 0.427455 0.316964 0.176339 0.049107
0 0.595982 0.303571 0.040179 0.049107
0 0.685268 0.281250 0.053571 0.071429
0 0.036830 0.261161 0.037946 0.075893
0 0.648438 0.206473 0.029018 0.060268
0 0.694196 0.202009 0.013393 0.064732
0 0.684152 0.167411 0.037946 0.031250
0 0.078125 0.186384 0.049107 0.069196
0 0.418527 0.145089 0.020089 0.013393
0 0.617188 0.137277 0.020089 0.033482
0 0.470982 0.139509 0.040179 0.037946
0 0.726562 0.132812 0.046875 0.037946
0 0.123884 0.116071 0.046875 0.071429
0 0.763393 0.090402 0.035714 0.042411
0 0.579241 0.084821 0.037946 0.053571
0 0.302455 0.064732 0.100446 0.022321
0 0.799107 0.061384 0.040179 0.024554
0 0.239955 0.051339 0.024554 0.017857
0 0.174107 0.060268 0.049107 0.035714
0 0.766741 0.043527 0.024554 0.015625
0 0.363839 0.051339 0.022321 0.031250
0 0.732143 0.025670 0.040179 0.024554
0 0.866071 0.036830 0.089286 0.051339
0 0.625000 0.029018 0.066964 0.035714
0 0.937500 0.003348 0.040179 0.006696
0 0.522321 0.029018 0.133929 0.058036