0 0.171875 0.670759 0.044643 0.015625
0 0.214286 0.666295 0.035714 0.020089
0 0.133929 0.637277 0.026786 0.024554
0 0.116071 0.606027 0.133929 0.033482
0 0.035714 0.585938 0.022321 0.011161
0 0.272321 0.601562 0.169643 0.051339
0 0.708705 0.556920 0.046875 0.011161
0 0.671875 0.549107 0.026786 0.008929
0 0.395089 0.564732 0.071429 0.040179
0 0.468750 0.542411 0.071429 0.022321
0 0.767857 0.541295 0.026786 0.024554
0 0.580357 0.539062 0.151786 0.024554
0 0.787946 0.521205 0.017857 0.020089
0 0.862723 0.505580 0.104911 0.020089
0 0.801339 0.504464 0.017857 0.017857