0 0.593750 0.802455 0.040179 0.020089
0 0.328125 0.789062 0.031250 0.015625
0 0.145089 0.780134 0.053571 0.029018
0 0.492188 0.776786 0.158482 0.040179
0 0.234375 0.776786 0.165179 0.062500
0 0.368304 0.755580 0.084821 0.046875
0 0.272321 0.715402 0.084821 0.033482
0 0.157366 0.704241 0.073661 0.011161
0 0.729911 0.755580 0.227679 0.145089
0 0.871652 0.686384 0.055804 0.029018
0 0.075893 0.737723 0.147321 0.140625
0 0.162946 0.674107 0.013393 0.040179
0 0.228795 0.641741 0.024554 0.011161
0 0.147321 0.630580 0.017857 0.020089
0 0.101562 0.621652 0.033482 0.015625
0 0.966518 0.621652 0.062500 0.037946
0 0.591518 0.676339 0.312500 0.160714
0 0.962054 0.592634 0.017857 0.015625
0 0.161830 0.551339 0.006696 0.040179
0 0.871652 0.524554 0.051339 0.022321
0 0.792411 0.546875 0.075893 0.066964
0 0.945312 0.544643 0.095982 0.066964
0 0.055804 0.492188 0.026786 0.015625
0 0.024554 0.485491 0.031250 0.024554
0 0.947545 0.489955 0.082589 0.046875
0 0.079241 0.472098 0.095982 0.024554
0 0.224330 0.464286 0.042411 0.022321
0 0.177455 0.463170 0.024554 0.024554
0 0.347098 0.457589 0.024554 0.017857
0 0.291295 0.458705 0.082589 0.020089
0 0.150670 0.484375 0.029018 0.071429
0 0.720982 0.466518 0.151786 0.049107
0 0.366071 0.446429 0.022321 0.008929
0 0.015625 0.456473 0.031250 0.033482
0 0.611607 0.447545 0.062500 0.020089
0 0.396205 0.441964 0.033482 0.013393
0 0.454241 0.436384 0.037946 0.015625
0 0.821429 0.438616 0.035714 0.024554
0 0.863839 0.434152 0.053571 0.029018
0 0.540179 0.430804 0.058036 0.026786
0 0.960938 0.383929 0.078125 0.026786
0 0.267857 0.262277 0.473214 0.078125
0 0.627232 0.246652 0.245536 0.064732
0 0.113839 0.193080 0.022321 0.055804
0 0.862723 0.193080 0.225446 0.113839
0 0.907366 0.093750 0.015625 0.022321
0 0.041295 0.093750 0.051339 0.022321
0 0.973214 0.055804 0.053571 0.040179