0 0.199777 0.602679 0.037946 0.008929
0 0.252232 0.588170 0.026786 0.024554
0 0.095982 0.560268 0.049107 0.031250
0 0.052455 0.552455 0.037946 0.015625
0 0.296875 0.553571 0.053571 0.044643
0 0.496652 0.502232 0.087054 0.026786
0 0.378348 0.505580 0.113839 0.051339
0 0.616071 0.485491 0.151786 0.020089
0 0.712054 0.475446 0.035714 0.017857
0 0.949777 0.453125 0.015625 0.008929
0 0.742188 0.457589 0.020089 0.017857
0 0.908482 0.438616 0.044643 0.024554
0 0.864955 0.424107 0.037946 0.008929
0 0.797991 0.435268 0.091518 0.044643
0 0.258929 0.313616 0.066964 0.006696
0 0.494420 0.282366 0.046875 0.006696
0 0.550223 0.212054 0.011161 0.035714
0 0.581473 0.120536 0.024554 0.031250
0 0.633929 0.085938 0.044643 0.024554
0 0.773438 0.052455 0.060268 0.015625
0 0.835938 0.045759 0.051339 0.015625