0 0.585938 0.525670 0.042411 0.011161
0 0.542411 0.510045 0.053571 0.024554
0 0.495536 0.500000 0.040179 0.022321
0 0.643973 0.496652 0.055804 0.033482
0 0.366071 0.484375 0.026786 0.008929
0 0.446429 0.484375 0.044643 0.022321
0 0.113839 0.481027 0.098214 0.015625
0 0.327009 0.476562 0.042411 0.015625
0 0.239955 0.479911 0.127232 0.031250
0 0.039062 0.470982 0.037946 0.022321
0 0.699777 0.441964 0.024554 0.035714
0 0.754464 0.334821 0.089286 0.187500
0 0.853795 0.206473 0.104911 0.069196
0 0.918527 0.131696 0.037946 0.075893
0 0.954241 0.049107 0.033482 0.071429