0 0.969866 0.873884 0.060268 0.046875
0 0.867188 0.849330 0.145089 0.064732
0 0.237723 0.838170 0.020089 0.042411
0 0.770089 0.811384 0.044643 0.029018
0 0.017857 0.808036 0.035714 0.031250
0 0.141741 0.791295 0.033482 0.020089
0 0.097098 0.789062 0.055804 0.037946
0 0.052455 0.783482 0.029018 0.026786
0 0.175223 0.766741 0.024554 0.024554
0 0.680804 0.764509 0.138393 0.064732
0 0.215402 0.754464 0.051339 0.044643
0 0.314732 0.716518 0.147321 0.035714
0 0.500000 0.818080 0.227679 0.319196
0 0.186384 0.649554 0.006696 0.053571
0 0.386161 0.626116 0.049107 0.060268
0 0.954241 0.661830 0.091518 0.158482
0 0.186384 0.589286 0.006696 0.022321
0 0.895089 0.539062 0.022321 0.029018
0 0.179688 0.533482 0.011161 0.040179
0 0.040179 0.545759 0.080357 0.095982
0 0.857143 0.460938 0.058036 0.064732
0 0.901786 0.428571 0.044643 0.017857
0 0.643973 0.428571 0.029018 0.053571
0 0.223214 0.478795 0.285714 0.229911
0 0.729911 0.362723 0.022321 0.015625
0 0.866071 0.371652 0.245536 0.095982
0 0.203125 0.358259 0.017857 0.069196
0 0.405134 0.380580 0.810268 0.279018