0 0.160714 0.949777 0.017857 0.046875
0 0.179688 0.885045 0.024554 0.082589
0 0.200893 0.814732 0.026786 0.058036
0 0.216518 0.771205 0.013393 0.024554
0 0.171875 0.642857 0.031250 0.026786
0 0.241071 0.566964 0.044643 0.044643
0 0.282366 0.539062 0.033482 0.020089
0 0.311384 0.512277 0.024554 0.037946
0 0.334821 0.470982 0.026786 0.035714
0 0.377232 0.446429 0.044643 0.013393
0 0.679688 0.434152 0.060268 0.029018
0 0.636161 0.421875 0.022321 0.008929
0 0.505580 0.430804 0.203125 0.053571
0 0.393973 0.419643 0.046875 0.035714
0 0.357143 0.363839 0.013393 0.066964
0 0.333705 0.290179 0.020089 0.035714
0 0.770089 0.354911 0.116071 0.178571
0 0.843750 0.258929 0.026786 0.026786
0 0.310268 0.233259 0.013393 0.020089
0 0.950893 0.231027 0.098214 0.029018
0 0.878348 0.227679 0.046875 0.040179