0 0.498884 0.617188 0.060268 0.029018
0 0.564732 0.585938 0.062500 0.037946
0 0.437500 0.575893 0.062500 0.049107
0 0.087054 0.558036 0.022321 0.017857
0 0.672991 0.547991 0.020089 0.011161
0 0.639509 0.556920 0.042411 0.037946
0 0.396205 0.539062 0.020089 0.015625
0 0.708705 0.542411 0.042411 0.031250
0 0.890625 0.512277 0.049107 0.015625
0 0.820312 0.512277 0.069196 0.015625
0 0.763393 0.515625 0.031250 0.022321
0 0.985491 0.501116 0.029018 0.020089
0 0.131696 0.489955 0.062500 0.033482
0 0.369420 0.481027 0.073661 0.029018
0 0.018973 0.475446 0.037946 0.017857
0 0.200893 0.481027 0.049107 0.046875
0 0.070312 0.502232 0.064732 0.089286
0 0.293527 0.466518 0.078125 0.044643
0 0.235491 0.447545 0.033482 0.020089