0 0.036830 0.724330 0.051339 0.020089
0 0.107143 0.735491 0.089286 0.051339
0 0.482143 0.689732 0.031250 0.022321
0 0.771205 0.672991 0.024554 0.020089
0 0.191964 0.708705 0.084821 0.109375
0 0.344866 0.639509 0.064732 0.015625
0 0.158482 0.638393 0.075893 0.031250
0 0.735491 0.636161 0.042411 0.035714
0 0.258929 0.631696 0.107143 0.031250
0 0.426339 0.647321 0.084821 0.066964
0 0.523438 0.631696 0.006696 0.062500
0 0.655134 0.578125 0.037946 0.026786
0 0.625000 0.553571 0.035714 0.017857
0 0.547991 0.521205 0.122768 0.046875
0 0.452009 0.532366 0.069196 0.100446
0 0.489955 0.448661 0.020089 0.044643
0 0.507812 0.389509 0.024554 0.069196
0 0.555804 0.146205 0.008929 0.042411
0 0.566964 0.070312 0.008929 0.042411
0 0.566964 0.016741 0.008929 0.033482