0 0.843750 0.970982 0.031250 0.058036
0 0.821429 0.924107 0.017857 0.031250
0 0.796875 0.893973 0.026786 0.015625
0 0.764509 0.859375 0.037946 0.049107
0 0.732143 0.822545 0.026786 0.024554
0 0.676339 0.772321 0.022321 0.017857
0 0.580357 0.725446 0.080357 0.044643
0 0.535714 0.675223 0.004464 0.042411
0 0.540179 0.592634 0.008929 0.051339
0 0.371652 0.473214 0.069196 0.031250
0 0.271205 0.375000 0.082589 0.129464
0 0.229911 0.247768 0.008929 0.120536
0 0.147321 0.122768 0.165179 0.125000
0 0.046875 0.051339 0.031250 0.017857
0 0.020089 0.026786 0.026786 0.026786