0 0.066964 0.928571 0.053571 0.133929
0 0.860491 0.848214 0.015625 0.129464
0 0.088170 0.818080 0.011161 0.087054
0 0.868304 0.716518 0.004464 0.053571
0 0.872768 0.633929 0.008929 0.089286
0 0.004464 0.601562 0.008929 0.046875
0 0.012277 0.558036 0.020089 0.044643
0 0.039062 0.504464 0.033482 0.062500
0 0.351562 0.452009 0.104911 0.033482
0 0.834821 0.503348 0.075893 0.167411
0 0.428571 0.427455 0.049107 0.020089
0 0.532366 0.411830 0.033482 0.020089
0 0.483259 0.414062 0.060268 0.024554
0 0.599330 0.409598 0.095982 0.037946
0 0.796875 0.389509 0.008929 0.055804
0 0.186384 0.390625 0.225446 0.241071
0 0.229911 0.248884 0.022321 0.024554
0 0.236607 0.217634 0.008929 0.033482
0 0.728795 0.283482 0.162946 0.214286
0 0.825893 0.143973 0.031250 0.029018
0 0.891741 0.089286 0.091518 0.053571
0 0.952009 0.043527 0.033482 0.033482
0 0.983259 0.018973 0.029018 0.015625