0 0.042411 0.669643 0.017857 0.017857
0 0.103795 0.592634 0.037946 0.055804
0 0.848214 0.565848 0.111607 0.024554
0 0.773438 0.563616 0.037946 0.020089
0 0.949777 0.569196 0.087054 0.044643
0 0.036830 0.549107 0.051339 0.008929
0 0.719866 0.529018 0.069196 0.044643
0 0.635045 0.529018 0.055804 0.044643
0 0.666295 0.517857 0.042411 0.035714
0 0.168527 0.514509 0.145089 0.095982
0 0.514509 0.447545 0.091518 0.069196
0 0.268973 0.419643 0.113839 0.062500
0 0.460938 0.375000 0.051339 0.022321
0 0.377232 0.382812 0.107143 0.046875
0 0.185268 0.347098 0.071429 0.078125
0 0.071429 0.295759 0.044643 0.029018