0 0.676339 0.975446 0.013393 0.040179
0 0.671875 0.935268 0.008929 0.035714
0 0.636161 0.847098 0.075893 0.136161
0 0.357143 0.718750 0.165179 0.084821
0 0.524554 0.716518 0.138393 0.089286
0 0.257812 0.664062 0.033482 0.029018
0 0.162946 0.636161 0.165179 0.062500
0 0.040179 0.595982 0.080357 0.035714
0 0.589286 0.595982 0.058036 0.098214
0 0.551339 0.329241 0.022321 0.037946
0 0.572545 0.294643 0.020089 0.031250
0 0.598214 0.241071 0.035714 0.075893
0 0.635045 0.154018 0.015625 0.049107
0 0.651786 0.114955 0.026786 0.029018
0 0.715402 0.068080 0.100446 0.064732
0 0.787946 0.025670 0.044643 0.042411