0 0.763393 0.577009 0.075893 0.029018
0 0.709821 0.568080 0.040179 0.015625
0 0.837054 0.569196 0.071429 0.031250
0 0.010045 0.541295 0.020089 0.020089
0 0.638393 0.540179 0.035714 0.026786
0 0.585938 0.512277 0.087054 0.033482
0 0.935268 0.518973 0.120536 0.051339
0 0.486607 0.502232 0.107143 0.035714
0 0.381696 0.470982 0.035714 0.026786
0 0.203125 0.458705 0.031250 0.015625
0 0.337054 0.447545 0.022321 0.011161
0 0.275670 0.445312 0.069196 0.024554
0 0.127232 0.438616 0.058036 0.042411
0 0.081473 0.407366 0.037946 0.024554