0 0.329241 0.584821 0.060268 0.017857
0 0.407366 0.582589 0.029018 0.017857
0 0.445312 0.569196 0.042411 0.017857
0 0.549107 0.568080 0.075893 0.020089
0 0.890625 0.569196 0.218750 0.044643
0 0.600446 0.553571 0.022321 0.013393
0 0.767857 0.551339 0.022321 0.017857
0 0.697545 0.547991 0.118304 0.024554
0 0.943080 0.421875 0.064732 0.040179
0 0.358259 0.410714 0.055804 0.017857
0 0.610491 0.396205 0.033482 0.011161
0 0.295759 0.397321 0.069196 0.017857
0 0.479911 0.419643 0.107143 0.066964
0 0.693080 0.380580 0.029018 0.020089
0 0.731027 0.358259 0.042411 0.033482
0 0.843750 0.367188 0.125000 0.078125