0 0.984375 0.608259 0.031250 0.015625
0 0.604911 0.579241 0.080357 0.024554
0 0.507812 0.572545 0.104911 0.024554
0 0.431920 0.570312 0.051339 0.024554
0 0.860491 0.553571 0.033482 0.017857
0 0.385045 0.550223 0.046875 0.015625
0 0.335938 0.550223 0.046875 0.020089
0 0.902902 0.550223 0.055804 0.037946
0 0.797991 0.552455 0.091518 0.051339
0 0.012277 0.529018 0.015625 0.017857
0 0.728795 0.514509 0.046875 0.029018
0 0.031250 0.502232 0.017857 0.022321
0 0.098214 0.498884 0.031250 0.029018
0 0.635045 0.486607 0.037946 0.008929
0 0.136161 0.481027 0.040179 0.015625
0 0.263393 0.478795 0.053571 0.051339
0 0.193080 0.448661 0.082589 0.049107