0 0.508929 0.677455 0.263393 0.046875
0 0.689732 0.632812 0.071429 0.046875
0 0.766741 0.587054 0.046875 0.053571
0 0.247768 0.737723 0.236607 0.421875
0 0.814732 0.524554 0.058036 0.066964
0 0.940848 0.424107 0.024554 0.017857
0 0.883929 0.414062 0.084821 0.149554
0 0.300223 0.419643 0.037946 0.209821
0 0.300223 0.284598 0.015625 0.055804
0 0.300223 0.248884 0.011161 0.015625
0 0.900670 0.275670 0.020089 0.095982
0 0.286830 0.225446 0.020089 0.044643
0 0.287946 0.165179 0.013393 0.075893
0 0.296875 0.093750 0.017857 0.071429