0 0.718750 0.753348 0.049107 0.024554
0 0.777902 0.809152 0.064732 0.381696
0 0.606027 0.649554 0.171875 0.191964
0 0.356027 0.544643 0.024554 0.013393
0 0.283482 0.550223 0.040179 0.029018
0 0.402902 0.534598 0.064732 0.015625
0 0.214286 0.518973 0.049107 0.020089
0 0.800223 0.554688 0.024554 0.127232
0 0.698661 0.503348 0.040179 0.024554
0 0.106027 0.487723 0.060268 0.024554
0 0.517857 0.512277 0.160714 0.087054
0 0.620536 0.475446 0.035714 0.017857
0 0.158482 0.470982 0.053571 0.022321
0 0.063616 0.467634 0.020089 0.033482
0 0.810268 0.406250 0.013393 0.165179
0 0.812500 0.301339 0.004464 0.040179
0 0.811384 0.220982 0.006696 0.102679
0 0.815848 0.132812 0.006696 0.037946
0 0.816964 0.078125 0.008929 0.066964
0 0.820312 0.021205 0.011161 0.042411