0 0.097098 0.916295 0.037946 0.024554
0 0.041295 0.938616 0.078125 0.100446
0 0.172991 0.888393 0.024554 0.017857
0 0.170759 0.845982 0.011161 0.044643
0 0.939732 0.895089 0.066964 0.200893
0 0.021205 0.750000 0.020089 0.236607
0 0.896205 0.678571 0.033482 0.125000
0 0.988839 0.606027 0.017857 0.015625
0 0.203125 0.661830 0.008929 0.171875
0 0.017857 0.560268 0.035714 0.116071
0 0.863839 0.546875 0.227679 0.107143
0 0.141741 0.450893 0.033482 0.013393
0 0.011161 0.447545 0.022321 0.020089
0 0.598214 0.433036 0.053571 0.008929
0 0.859375 0.455357 0.031250 0.071429
0 0.174107 0.431920 0.026786 0.024554
0 0.095982 0.435268 0.040179 0.031250
0 0.195312 0.411830 0.015625 0.015625
0 0.688616 0.452009 0.122768 0.136161
0 0.510045 0.418527 0.104911 0.078125
0 0.433036 0.380580 0.053571 0.020089
0 0.838170 0.392857 0.024554 0.049107
0 0.704241 0.371652 0.029018 0.024554
0 0.780134 0.327009 0.122768 0.060268
0 0.297991 0.320312 0.216518 0.234375
0 0.194196 0.180804 0.026786 0.044643
0 0.095982 0.141741 0.183036 0.091518
0 0.139509 0.033482 0.011161 0.066964