0 0.933036 0.688616 0.049107 0.082589
0 0.870536 0.603795 0.053571 0.051339
0 0.161830 0.559152 0.037946 0.015625
0 0.104911 0.547991 0.022321 0.011161
0 0.061384 0.534598 0.042411 0.024554
0 0.805804 0.525670 0.049107 0.042411
0 0.720982 0.456473 0.058036 0.046875
0 0.671875 0.410714 0.035714 0.049107
0 0.602679 0.369420 0.098214 0.051339
0 0.470982 0.344866 0.044643 0.011161
0 0.543527 0.341518 0.015625 0.013393
0 0.131696 0.399554 0.169643 0.129464
0 0.257812 0.335938 0.078125 0.024554
0 0.507812 0.328125 0.033482 0.026786
0 0.370536 0.323661 0.151786 0.040179