0 0.455357 0.806920 0.040179 0.055804
0 0.924107 0.770089 0.035714 0.017857
0 0.972098 0.764509 0.055804 0.015625
0 0.847098 0.770089 0.104911 0.049107
0 0.771205 0.734375 0.051339 0.022321
0 0.660714 0.712054 0.044643 0.008929
0 0.012277 0.719866 0.020089 0.024554
0 0.716518 0.708705 0.058036 0.033482
0 0.036830 0.688616 0.029018 0.024554
0 0.609375 0.677455 0.058036 0.055804
0 0.155134 0.661830 0.029018 0.029018
0 0.529018 0.627232 0.102679 0.058036
0 0.219866 0.599330 0.042411 0.042411
0 0.407366 0.676339 0.060268 0.200893
0 0.266741 0.560268 0.037946 0.031250
0 0.375000 0.520089 0.008929 0.040179
0 0.320312 0.522321 0.069196 0.049107
0 0.369420 0.466518 0.029018 0.062500
0 0.417411 0.271205 0.062500 0.265625
0 0.417411 0.056920 0.013393 0.100446