0 0.828125 0.685268 0.343750 0.129464
0 0.977679 0.642857 0.017857 0.066964
0 0.606027 0.639509 0.109375 0.073661
0 0.537946 0.584821 0.031250 0.031250
0 0.482143 0.572545 0.071429 0.020089
0 0.968750 0.573661 0.013393 0.066964
0 0.056920 0.498884 0.109375 0.029018
0 0.145089 0.476562 0.022321 0.015625
0 0.864955 0.486607 0.145089 0.084821
0 0.200893 0.435268 0.031250 0.031250
0 0.707589 0.396205 0.147321 0.051339
0 0.561384 0.356027 0.145089 0.064732
0 0.313616 0.364955 0.345982 0.104911
0 0.132812 0.319196 0.020089 0.013393
0 0.023438 0.319196 0.037946 0.013393
0 0.081473 0.310268 0.078125 0.031250