0 0.896205 0.652902 0.118304 0.033482
0 0.742188 0.631696 0.064732 0.031250
0 0.805804 0.635045 0.062500 0.042411
0 0.665179 0.610491 0.084821 0.024554
0 0.601562 0.591518 0.015625 0.017857
0 0.577009 0.569196 0.037946 0.022321
0 0.517857 0.555804 0.093750 0.040179
0 0.023438 0.510045 0.042411 0.042411
0 0.438616 0.513393 0.055804 0.062500
0 0.098214 0.470982 0.075893 0.040179
0 0.324777 0.431920 0.140625 0.104911
0 0.248884 0.380580 0.015625 0.015625
0 0.315848 0.379464 0.046875 0.017857
0 0.157366 0.385045 0.162946 0.136161
0 0.071429 0.305804 0.017857 0.022321
0 0.034598 0.276786 0.060268 0.031250