0 0.946429 0.641741 0.022321 0.042411
0 0.779018 0.608259 0.066964 0.046875
0 0.890625 0.536830 0.040179 0.060268
0 0.611607 0.544643 0.267857 0.089286
0 0.456473 0.495536 0.029018 0.022321
0 0.409598 0.474330 0.064732 0.033482
0 0.841518 0.466518 0.044643 0.062500
0 0.801339 0.439732 0.035714 0.026786
0 0.217634 0.460938 0.104911 0.069196
0 0.321429 0.446429 0.125000 0.084821
0 0.107143 0.332589 0.107143 0.169643
0 0.042411 0.232143 0.022321 0.031250
0 0.032366 0.181920 0.015625 0.064732
0 0.025670 0.104911 0.015625 0.084821