0 0.197545 0.988839 0.149554 0.017857
0 0.694196 0.920759 0.022321 0.033482
0 0.625000 0.949777 0.705357 0.091518
0 0.668527 0.877232 0.029018 0.058036
0 0.418527 0.866071 0.029018 0.075893
0 0.582589 0.821429 0.066964 0.022321
0 0.420759 0.801339 0.020089 0.017857
0 0.391741 0.811384 0.037946 0.042411
0 0.518973 0.794643 0.037946 0.013393
0 0.448661 0.786830 0.035714 0.015625
0 0.340402 0.763393 0.060268 0.062500
0 0.040179 0.735491 0.017857 0.037946
0 0.304688 0.719866 0.015625 0.024554
0 0.097098 0.664062 0.069196 0.087054
0 0.175223 0.606027 0.229911 0.194196
0 0.010045 0.502232 0.015625 0.008929
0 0.127232 0.473214 0.013393 0.066964
0 0.117188 0.421875 0.015625 0.031250
0 0.085938 0.332589 0.060268 0.125000
0 0.045759 0.257812 0.020089 0.020089
0 0.107143 0.205357 0.013393 0.075893
0 0.116071 0.122768 0.008929 0.053571