0 0.459821 0.959821 0.008929 0.031250
0 0.459821 0.915179 0.008929 0.040179
0 0.325893 0.695312 0.147321 0.037946
0 0.219866 0.690848 0.060268 0.033482
0 0.125000 0.666295 0.129464 0.020089
0 0.433036 0.760045 0.075893 0.243304
0 0.029018 0.655134 0.058036 0.033482
0 0.489955 0.611607 0.042411 0.026786
0 0.011161 0.614955 0.022321 0.046875
0 0.446429 0.578125 0.044643 0.035714
0 0.580357 0.556920 0.035714 0.011161
0 0.367188 0.577009 0.109375 0.064732
0 0.465402 0.550223 0.006696 0.033482
0 0.613839 0.541295 0.026786 0.024554
0 0.284598 0.521205 0.060268 0.020089
0 0.862723 0.486607 0.024554 0.013393
0 0.890625 0.482143 0.031250 0.031250
0 0.337054 0.489955 0.049107 0.046875
0 0.773438 0.486607 0.131696 0.049107
0 0.667411 0.495536 0.075893 0.071429
0 0.387277 0.427455 0.024554 0.015625
0 0.516741 0.472098 0.229911 0.118304
0 0.141741 0.444196 0.220982 0.142857
0 0.014509 0.447545 0.029018 0.176339
0 0.899554 0.362723 0.058036 0.024554
0 0.928571 0.399554 0.031250 0.102679
0 0.060268 0.356027 0.017857 0.060268
0 0.036830 0.297991 0.020089 0.051339
0 0.012277 0.199777 0.024554 0.073661