0 0.193080 0.638393 0.109375 0.035714
0 0.075893 0.597098 0.075893 0.055804
0 0.316964 0.573661 0.111607 0.053571
0 0.697545 0.493304 0.042411 0.022321
0 0.643973 0.488839 0.064732 0.017857
0 0.363839 0.500000 0.031250 0.062500
0 0.577009 0.474330 0.037946 0.015625
0 0.767857 0.477679 0.084821 0.026786
0 0.488839 0.468750 0.138393 0.040179
0 0.819196 0.452009 0.022321 0.033482
0 0.034598 0.443080 0.064732 0.015625
0 0.112723 0.437500 0.082589 0.031250
0 0.912946 0.438616 0.174107 0.037946
0 0.188616 0.407366 0.064732 0.037946
0 0.342634 0.406250 0.087054 0.066964
0 0.236607 0.314732 0.026786 0.058036
0 0.256696 0.329241 0.089286 0.131696
0 0.194196 0.271205 0.053571 0.051339
0 0.099330 0.243304 0.046875 0.026786
0 0.161830 0.121652 0.011161 0.020089