0 0.328125 0.794643 0.013393 0.017857
0 0.380580 0.816964 0.020089 0.013393
0 0.444196 0.794643 0.066964 0.031250
0 0.488839 0.772321 0.017857 0.017857
0 0.601562 0.716518 0.078125 0.031250
0 0.679688 0.679688 0.015625 0.015625
0 0.799107 0.622768 0.075893 0.031250
0 0.017857 0.587054 0.035714 0.022321
0 0.085938 0.579241 0.073661 0.037946
0 0.755580 0.562500 0.091518 0.031250
0 0.148438 0.554688 0.051339 0.015625
0 0.618304 0.549107 0.062500 0.008929
0 0.686384 0.545759 0.042411 0.029018
0 0.265625 0.535714 0.035714 0.013393
0 0.349330 0.536830 0.131696 0.033482
0 0.804688 0.527902 0.015625 0.078125
0 0.803571 0.426339 0.008929 0.089286
0 0.767857 0.248884 0.013393 0.078125
0 0.766741 0.140625 0.015625 0.044643
0 0.775670 0.077009 0.020089 0.078125