0 0.150670 0.914062 0.015625 0.171875
0 0.172991 0.799107 0.037946 0.053571
0 0.212054 0.736607 0.049107 0.071429
0 0.238839 0.657366 0.017857 0.082589
0 0.245536 0.590402 0.008929 0.046875
0 0.233259 0.540179 0.015625 0.035714
0 0.859375 0.416295 0.035714 0.020089
0 0.926339 0.408482 0.102679 0.053571
0 0.797991 0.376116 0.091518 0.055804
0 0.736607 0.339286 0.035714 0.022321
0 0.193080 0.407366 0.064732 0.203125
0 0.203125 0.250000 0.031250 0.071429
0 0.228795 0.167411 0.011161 0.031250
0 0.613839 0.198661 0.218750 0.330357
0 0.170759 0.074777 0.113839 0.149554