0 0.026786 0.893973 0.049107 0.060268
0 0.011161 0.824777 0.022321 0.029018
0 0.589286 0.801339 0.102679 0.044643
0 0.448661 0.806920 0.174107 0.055804
0 0.675223 0.768973 0.069196 0.046875
0 0.206473 0.795759 0.314732 0.131696
0 0.662946 0.733259 0.026786 0.024554
0 0.410714 0.738839 0.013393 0.066964
0 0.044643 0.741071 0.035714 0.071429
0 0.638393 0.713170 0.026786 0.020089
0 0.186384 0.719866 0.024554 0.037946
0 0.613839 0.691964 0.022321 0.017857
0 0.821429 0.732143 0.200893 0.111607
0 0.070312 0.689732 0.024554 0.026786
0 0.292411 0.690848 0.040179 0.037946
0 0.025670 0.678571 0.037946 0.058036
0 0.145089 0.651786 0.022321 0.035714
0 0.106027 0.640625 0.015625 0.022321
0 0.825893 0.638393 0.035714 0.035714
0 0.443080 0.649554 0.104911 0.071429
0 0.137277 0.618304 0.042411 0.026786
0 0.852679 0.600446 0.075893 0.022321
0 0.566964 0.635045 0.142857 0.100446
0 0.684152 0.571429 0.033482 0.008929
0 0.351562 0.584821 0.033482 0.035714
0 0.385045 0.556920 0.037946 0.020089
0 0.753348 0.565848 0.011161 0.051339
0 0.946429 0.601562 0.107143 0.171875
0 0.166295 0.560268 0.332589 0.098214
0 0.340402 0.531250 0.006696 0.044643
0 0.449777 0.551339 0.091518 0.125000
0 0.504464 0.486607 0.013393 0.008929
0 0.619420 0.477679 0.024554 0.022321
0 0.030134 0.481027 0.060268 0.046875
0 0.793527 0.459821 0.024554 0.035714
0 0.084821 0.427455 0.035714 0.020089
0 0.137277 0.417411 0.037946 0.008929
0 0.360491 0.414062 0.069196 0.015625
0 0.438616 0.427455 0.060268 0.046875
0 0.640625 0.422991 0.031250 0.055804
0 0.218750 0.445312 0.093750 0.100446
0 0.984375 0.400670 0.031250 0.069196
0 0.748884 0.378348 0.064732 0.033482
0 0.577009 0.361607 0.029018 0.008929
0 0.514509 0.375000 0.091518 0.053571
0 0.664062 0.364955 0.064732 0.042411
0 0.706473 0.347098 0.024554 0.024554
0 0.818080 0.344866 0.051339 0.060268
0 0.970982 0.332589 0.017857 0.049107
0 0.738839 0.302455 0.040179 0.051339
0 0.887277 0.274554 0.087054 0.058036
0 0.946429 0.198661 0.044643 0.035714
0 0.988839 0.188616 0.017857 0.020089
0 0.626116 0.109375 0.011161 0.089286
0 0.950893 0.087054 0.022321 0.080357
0 0.835938 0.046875 0.091518 0.022321
0 0.982143 0.042411 0.035714 0.022321
0 0.912946 0.045759 0.058036 0.029018
0 0.685268 0.030134 0.026786 0.015625
0 0.583705 0.030134 0.145089 0.020089
0 0.727679 0.024554 0.053571 0.026786
0 0.789062 0.014509 0.060268 0.029018