0 0.495536 0.885045 0.071429 0.229911
0 0.020089 0.824777 0.040179 0.113839
0 0.848214 0.688616 0.022321 0.006696
0 0.325893 0.678571 0.040179 0.017857
0 0.271205 0.667411 0.020089 0.008929
0 0.496652 0.610491 0.029018 0.011161
0 0.535714 0.609375 0.044643 0.022321
0 0.675223 0.729911 0.323661 0.290179
0 0.600446 0.601562 0.049107 0.037946
0 0.178571 0.662946 0.258929 0.169643
0 0.841518 0.555804 0.013393 0.044643
0 0.327009 0.504464 0.011161 0.026786
0 0.437500 0.613839 0.142857 0.267857
0 0.796875 0.433036 0.116071 0.040179
0 0.869420 0.420759 0.033482 0.029018
0 0.649554 0.488839 0.062500 0.174107
0 0.364955 0.437500 0.073661 0.102679
0 0.713170 0.407366 0.060268 0.055804
0 0.575893 0.419643 0.169643 0.169643
0 0.425223 0.405134 0.042411 0.145089
0 0.436384 0.301339 0.011161 0.040179
0 0.436384 0.235491 0.006696 0.046875
0 0.879464 0.275670 0.053571 0.203125
0 0.708705 0.263393 0.087054 0.227679
0 0.444196 0.157366 0.017857 0.087054
0 0.554688 0.179688 0.020089 0.149554
0 0.896205 0.137277 0.020089 0.069196
0 0.812500 0.108259 0.129464 0.078125
0 0.446429 0.087054 0.008929 0.049107
0 0.887277 0.064732 0.024554 0.071429
0 0.571429 0.035714 0.008929 0.049107
0 0.899554 0.011161 0.013393 0.022321
0 0.734375 0.056920 0.031250 0.113839