0 0.199777 0.888393 0.274554 0.223214
0 0.928571 0.727679 0.031250 0.013393
0 0.944196 0.696429 0.031250 0.022321
0 0.907366 0.694196 0.033482 0.026786
0 0.715402 0.775670 0.569196 0.189732
0 0.377232 0.722098 0.098214 0.109375
0 0.936384 0.677455 0.046875 0.029018
0 0.125000 0.676339 0.031250 0.053571
0 0.166295 0.681920 0.091518 0.095982
0 0.936384 0.648438 0.069196 0.037946
0 0.108259 0.636161 0.042411 0.031250
0 0.891741 0.638393 0.055804 0.062500
0 0.358259 0.637277 0.091518 0.060268
0 0.089286 0.585938 0.031250 0.020089