0 0.696429 0.984375 0.049107 0.031250
0 0.606027 0.974330 0.104911 0.051339
0 0.852679 0.968750 0.098214 0.062500
0 0.584821 0.937500 0.008929 0.080357
0 0.585938 0.863839 0.011161 0.062500
0 0.970982 0.834821 0.058036 0.129464
0 0.207589 0.877232 0.107143 0.245536
0 0.122768 0.664062 0.017857 0.069196
0 0.589286 0.666295 0.031250 0.212054
0 0.573661 0.495536 0.022321 0.102679
0 0.110491 0.475446 0.020089 0.303571
0 0.572545 0.315848 0.015625 0.207589
0 0.087054 0.177455 0.035714 0.198661
0 0.056920 0.026786 0.011161 0.040179
0 0.601562 0.100446 0.046875 0.200893