0 0.218750 0.952009 0.093750 0.087054
0 0.156250 0.902902 0.026786 0.011161
0 0.130580 0.902902 0.020089 0.011161
0 0.925223 0.935268 0.078125 0.129464
0 0.983259 0.783482 0.033482 0.062500
0 0.064732 0.862723 0.125000 0.274554
0 0.320312 0.647321 0.350446 0.084821
0 0.142857 0.609375 0.022321 0.053571
0 0.979911 0.476562 0.026786 0.037946
0 0.832589 0.613839 0.290179 0.441964
0 0.547991 0.477679 0.229911 0.245536
0 0.213170 0.430804 0.426339 0.299107
0 0.385045 0.258929 0.011161 0.035714
0 0.398438 0.197545 0.015625 0.051339
0 0.261161 0.210938 0.040179 0.118304
0 0.398438 0.155134 0.006696 0.029018
0 0.289062 0.116071 0.015625 0.058036
0 0.411830 0.078125 0.015625 0.031250
0 0.967634 0.255580 0.064732 0.390625
0 0.937500 0.041295 0.017857 0.037946
0 0.421875 0.033482 0.022321 0.053571
0 0.297991 0.030134 0.020089 0.051339