0 0.284598 0.958705 0.020089 0.082589
0 0.282366 0.883929 0.015625 0.062500
0 0.422991 0.847098 0.011161 0.069196
0 0.419643 0.776786 0.004464 0.040179
0 0.280134 0.746652 0.015625 0.136161
0 0.276786 0.662946 0.008929 0.026786
0 0.419643 0.672991 0.008929 0.073661
0 0.271205 0.610491 0.020089 0.064732
0 0.414062 0.477679 0.015625 0.089286
0 0.814732 0.664062 0.084821 0.667411
0 0.379464 0.338170 0.040179 0.109375
0 0.354911 0.250000 0.008929 0.044643
0 0.263393 0.333705 0.053571 0.457589
0 0.815848 0.212054 0.037946 0.232143
0 0.284598 0.097098 0.015625 0.029018
0 0.827009 0.049107 0.020089 0.098214
0 0.315848 0.139509 0.064732 0.279018