0 0.018973 0.670759 0.037946 0.015625
0 0.912946 0.630580 0.053571 0.024554
0 0.747768 0.652902 0.276786 0.095982
0 0.165179 0.642857 0.227679 0.084821
0 0.306920 0.600446 0.033482 0.022321
0 0.464286 0.609375 0.263393 0.156250
0 0.945312 0.491071 0.109375 0.281250
0 0.561384 0.377232 0.158482 0.125000
0 0.728795 0.318080 0.033482 0.015625
0 0.379464 0.294643 0.035714 0.022321
0 0.659598 0.296875 0.100446 0.040179
0 0.518973 0.289062 0.055804 0.024554
0 0.065848 0.280134 0.131696 0.046875
0 0.834821 0.290179 0.178571 0.080357
0 0.974330 0.243304 0.051339 0.058036
0 0.314732 0.258929 0.361607 0.517857