0 0.585938 0.739955 0.006696 0.029018
0 0.092634 0.728795 0.024554 0.011161
0 0.167411 0.728795 0.084821 0.033482
0 0.219866 0.712054 0.024554 0.022321
0 0.021205 0.743304 0.042411 0.098214
0 0.245536 0.696429 0.022321 0.008929
0 0.274554 0.683036 0.026786 0.017857
0 0.645089 0.822545 0.111607 0.354911
0 0.094866 0.675223 0.029018 0.069196
0 0.705357 0.621652 0.026786 0.046875
0 0.731027 0.502232 0.037946 0.138393
0 0.068080 0.543527 0.073661 0.296875
0 0.121652 0.302455 0.011161 0.051339
0 0.431920 0.448661 0.283482 0.459821
0 0.540179 0.112723 0.026786 0.113839
0 0.765625 0.215402 0.084821 0.430804
0 0.133929 0.125000 0.035714 0.250000