0 0.154018 0.991071 0.058036 0.017857
0 0.322545 0.989955 0.082589 0.020089
0 0.521205 0.904018 0.238839 0.191964
0 0.602679 0.744420 0.035714 0.158482
0 0.976562 0.484375 0.046875 0.026786
0 0.585938 0.344866 0.015625 0.037946
0 0.500000 0.655134 1.000000 0.689732
0 0.613839 0.289062 0.049107 0.037946
0 0.284598 0.282366 0.020089 0.069196
0 0.643973 0.242188 0.024554 0.064732
0 0.261161 0.128348 0.008929 0.037946
0 0.657366 0.148438 0.051339 0.104911
0 0.352679 0.023438 0.008929 0.033482
0 0.695312 0.010045 0.011161 0.020089