0 0.233259 0.396205 0.011161 0.015625
0 0.430804 0.968750 0.049107 0.062500
0 0.293527 0.908482 0.122768 0.151786
0 0.441964 0.881696 0.022321 0.111607
0 0.563616 0.870536 0.033482 0.093750
0 0.433036 0.812500 0.008929 0.022321
0 0.627232 0.885045 0.035714 0.229911
0 0.534598 0.757812 0.024554 0.029018
0 0.507812 0.666295 0.037946 0.122768
0 0.645089 0.650670 0.071429 0.238839
0 0.405134 0.513393 0.171875 0.093750
0 0.274554 0.407366 0.107143 0.118304
0 0.477679 0.405134 0.026786 0.162946
0 0.141741 0.258929 0.020089 0.035714
0 0.121652 0.225446 0.029018 0.031250
0 0.062500 0.139509 0.089286 0.122768
0 0.225446 0.073661 0.017857 0.053571
0 0.468750 0.166295 0.040179 0.292411
0 0.827009 0.219866 0.345982 0.439732
0 0.473214 0.011161 0.058036 0.022321
0 0.212054 0.022321 0.017857 0.044643