0 0.841518 0.872768 0.075893 0.254464
0 0.527902 0.664062 0.582589 0.203125
0 0.120536 0.631696 0.241071 0.209821
0 0.735491 0.472098 0.029018 0.109375
0 0.892857 0.535714 0.196429 0.245536
0 0.878348 0.270089 0.095982 0.026786
0 0.727679 0.319196 0.120536 0.191964
0 0.005580 0.218750 0.011161 0.031250
0 0.952009 0.106027 0.078125 0.037946
0 0.578125 0.138393 0.183036 0.107143
0 0.102679 0.130580 0.165179 0.113839
0 0.091518 0.073661 0.022321 0.040179
0 0.454241 0.061384 0.055804 0.046875
0 0.747768 0.043527 0.325893 0.087054
0 0.122768 0.032366 0.031250 0.064732