0 0.631696 0.944196 0.031250 0.111607
0 0.870536 0.927455 0.258929 0.145089
0 0.053571 0.907366 0.049107 0.185268
0 0.662946 0.800223 0.035714 0.154018
0 0.683036 0.688616 0.031250 0.064732
0 0.097098 0.712054 0.046875 0.205357
0 0.608259 0.659598 0.109375 0.154018
0 0.102679 0.585938 0.013393 0.029018
0 0.849330 0.610491 0.301339 0.087054
0 0.546875 0.573661 0.013393 0.026786
0 0.130580 0.449777 0.082589 0.238839
0 0.661830 0.426339 0.229911 0.223214
0 0.350446 0.447545 0.352679 0.270089
0 0.757812 0.262277 0.015625 0.064732
0 0.479911 0.313616 0.156250 0.301339
0 0.061384 0.126116 0.122768 0.055804
0 0.339286 0.114955 0.147321 0.095982
0 0.252232 0.063616 0.022321 0.015625
0 0.954241 0.123884 0.091518 0.180804
0 0.697545 0.112723 0.238839 0.216518
0 0.479911 0.060268 0.147321 0.120536
0 0.181920 0.152902 0.113839 0.305804