0 0.789062 0.888393 0.020089 0.017857
0 0.862723 0.850446 0.037946 0.031250
0 0.944196 0.824777 0.111607 0.051339
0 0.224330 0.675223 0.033482 0.024554
0 0.099330 0.738839 0.198661 0.156250
0 0.681920 0.827009 0.158482 0.345982
0 0.309152 0.650670 0.037946 0.011161
0 0.422991 0.614955 0.158482 0.095982
0 0.084821 0.579241 0.008929 0.060268
0 0.618304 0.541295 0.031250 0.122768
0 0.570312 0.500000 0.060268 0.062500
0 0.305804 0.529018 0.071429 0.250000
0 0.135045 0.385045 0.082589 0.046875
0 0.186384 0.352679 0.024554 0.017857
0 0.154018 0.504464 0.245536 0.321429
0 0.018973 0.369420 0.037946 0.051339
0 0.251116 0.361607 0.064732 0.084821
0 0.319196 0.260045 0.022321 0.042411
0 0.546875 0.206473 0.272321 0.109375
0 0.385045 0.156250 0.029018 0.040179
0 0.404018 0.063616 0.004464 0.029018
0 0.804688 0.250000 0.390625 0.446429