0 0.893973 0.924107 0.015625 0.008929
0 0.870536 0.927455 0.013393 0.020089
0 0.934152 0.919643 0.060268 0.035714
0 0.843750 0.928571 0.031250 0.089286
0 0.489955 0.941964 0.060268 0.116071
0 0.452009 0.858259 0.020089 0.037946
0 0.408482 0.797991 0.053571 0.087054
0 0.345982 0.766741 0.031250 0.024554
0 0.849330 0.795759 0.011161 0.104911
0 0.256696 0.842634 0.116071 0.314732
0 0.456473 0.710938 0.055804 0.100446
0 0.976562 0.651786 0.046875 0.035714
0 0.318080 0.654018 0.020089 0.058036
0 0.097098 0.811384 0.194196 0.377232
0 0.550223 0.584821 0.140625 0.147321
0 0.860491 0.610491 0.176339 0.261161
0 0.178571 0.508929 0.343750 0.183036
0 0.822545 0.309152 0.122768 0.292411
0 0.517857 0.268973 0.491071 0.493304
0 0.271205 0.018973 0.011161 0.020089
0 0.937500 0.095982 0.125000 0.191964
0 0.034598 0.100446 0.069196 0.200893