0 0.742188 0.909598 0.033482 0.037946
0 0.765625 0.844866 0.031250 0.091518
0 0.438616 0.881696 0.520089 0.236607
0 0.781250 0.767857 0.013393 0.026786
0 0.087054 0.877232 0.174107 0.245536
0 0.804688 0.775670 0.024554 0.051339
0 0.132812 0.814732 0.060268 0.151786
0 0.794643 0.710938 0.017857 0.046875
0 0.146205 0.690848 0.020089 0.078125
0 0.113839 0.658482 0.008929 0.022321
0 0.514509 0.655134 0.095982 0.136161
0 0.582589 0.575893 0.035714 0.022321
0 0.613839 0.559152 0.022321 0.011161
0 0.128348 0.592634 0.024554 0.104911
0 0.813616 0.631696 0.372768 0.245536
0 0.107143 0.489955 0.017857 0.078125
0 0.132812 0.397321 0.015625 0.053571
0 0.091518 0.129464 0.044643 0.258929