0 0.111607 0.967634 0.044643 0.064732
0 0.651786 0.910714 0.116071 0.075893
0 0.151786 0.893973 0.026786 0.051339
0 0.871652 0.893973 0.091518 0.212054
0 0.962054 0.876116 0.075893 0.220982
0 0.168527 0.813616 0.024554 0.109375
0 0.816964 0.737723 0.017857 0.029018
0 0.979911 0.716518 0.040179 0.058036
0 0.214286 0.706473 0.102679 0.104911
0 0.955357 0.662946 0.017857 0.044643
0 0.483259 0.656250 0.122768 0.049107
0 0.943080 0.603795 0.011161 0.042411
0 0.793527 0.648438 0.029018 0.145089
0 0.802455 0.503348 0.020089 0.060268
0 0.784598 0.458705 0.024554 0.033482
0 0.036830 0.441964 0.073661 0.080357
0 0.906250 0.458705 0.062500 0.158482
0 0.767857 0.400670 0.022321 0.087054
0 0.097098 0.381696 0.037946 0.053571
0 0.231027 0.327009 0.104911 0.042411
0 0.149554 0.304688 0.058036 0.064732
0 0.435268 0.255580 0.308036 0.136161
0 0.753348 0.260045 0.015625 0.180804
0 0.920759 0.256696 0.046875 0.196429
0 0.902902 0.142857 0.011161 0.026786
0 0.708705 0.108259 0.095982 0.185268
0 0.896205 0.062500 0.029018 0.125000