0 0.133929 0.975446 0.013393 0.022321
0 0.166295 0.933036 0.033482 0.035714
0 0.797991 0.950893 0.113839 0.098214
0 0.478795 0.928571 0.011161 0.062500
0 0.614955 0.896205 0.256696 0.055804
0 0.908482 0.928571 0.049107 0.142857
0 0.700893 0.804688 0.026786 0.046875
0 0.877232 0.803571 0.022321 0.089286
0 0.191964 0.813616 0.071429 0.203125
0 0.514509 0.786830 0.069196 0.171875
0 0.100446 0.747768 0.165179 0.093750
0 0.595982 0.650670 0.040179 0.006696
0 0.447545 0.712054 0.064732 0.129464
0 0.285714 0.662946 0.133929 0.031250
0 0.369420 0.648438 0.033482 0.011161
0 0.347098 0.622768 0.015625 0.013393
0 0.412946 0.620536 0.102679 0.044643
0 0.273438 0.552455 0.118304 0.122768
0 0.197545 0.478795 0.073661 0.033482
0 0.049107 0.467634 0.098214 0.055804
0 0.347098 0.457589 0.064732 0.066964
0 0.402902 0.401786 0.037946 0.031250
0 0.492188 0.493304 0.122768 0.330357
0 0.597098 0.256696 0.015625 0.013393
0 0.505580 0.273438 0.158482 0.127232
0 0.805804 0.455357 0.388393 0.602679
0 0.405134 0.085938 0.020089 0.158482
0 0.888393 0.062500 0.223214 0.125000