0 0.103795 0.982143 0.006696 0.035714
0 0.421875 0.979911 0.031250 0.040179
0 0.742188 0.973214 0.006696 0.053571
0 0.546875 0.924107 0.223214 0.151786
0 0.714286 0.890625 0.071429 0.111607
0 0.750000 0.812500 0.008929 0.026786
0 0.910714 0.827009 0.066964 0.345982
0 0.940848 0.640625 0.006696 0.022321
0 0.085938 0.657366 0.020089 0.140625
0 0.801339 0.623884 0.093750 0.274554
0 0.910714 0.529018 0.058036 0.089286
0 0.246652 0.671875 0.078125 0.656250
0 0.784598 0.309152 0.087054 0.283482
0 0.681920 0.268973 0.095982 0.212054
0 0.787946 0.083705 0.053571 0.167411
0 0.630580 0.062500 0.020089 0.125000
0 0.470982 0.484375 0.263393 0.968750
0 0.271205 0.147321 0.104911 0.294643