0 0.466518 0.933036 0.044643 0.133929
0 0.782366 0.829241 0.435268 0.078125
0 0.552455 0.789062 0.029018 0.024554
0 0.495536 0.784598 0.062500 0.082589
0 0.013393 0.751116 0.026786 0.020089
0 0.550223 0.731027 0.024554 0.020089
0 0.239955 0.762277 0.408482 0.104911
0 0.573661 0.687500 0.013393 0.040179
0 0.379464 0.676339 0.066964 0.062500
0 0.542411 0.658482 0.066964 0.031250
0 0.501116 0.635045 0.029018 0.037946
0 0.502232 0.569196 0.013393 0.017857
0 0.436384 0.589286 0.095982 0.058036
0 0.299107 0.604911 0.053571 0.125000
0 0.667411 0.602679 0.142857 0.156250
0 0.333705 0.518973 0.104911 0.087054
0 0.776786 0.494420 0.071429 0.046875
0 0.274554 0.459821 0.026786 0.026786
0 0.128348 0.556920 0.256696 0.270089
0 0.881696 0.433036 0.084821 0.049107
0 0.488839 0.455357 0.026786 0.169643
0 0.900670 0.322545 0.033482 0.087054
0 0.180804 0.322545 0.129464 0.198661
0 0.928571 0.241071 0.017857 0.053571
0 0.462054 0.275670 0.013393 0.131696
0 0.962054 0.197545 0.026786 0.046875
0 0.989955 0.126116 0.020089 0.015625
0 0.070312 0.171875 0.113839 0.129464
0 0.312500 0.133929 0.267857 0.205357
0 0.935268 0.063616 0.044643 0.127232
0 0.880580 0.029018 0.082589 0.058036
0 0.428571 0.015625 0.031250 0.031250