0 0.975446 0.952009 0.026786 0.095982
0 0.840402 0.927455 0.029018 0.145089
0 0.390625 0.921875 0.040179 0.156250
0 0.829241 0.814732 0.020089 0.035714
0 0.005580 0.787946 0.011161 0.031250
0 0.820312 0.745536 0.015625 0.058036
0 0.812500 0.687500 0.013393 0.049107
0 0.024554 0.708705 0.049107 0.091518
0 0.753348 0.666295 0.095982 0.060268
0 0.119420 0.604911 0.087054 0.031250
0 0.293527 0.700893 0.176339 0.227679
0 0.171875 0.585938 0.026786 0.024554
0 0.959821 0.733259 0.080357 0.337054
0 0.833705 0.556920 0.020089 0.069196
0 0.241071 0.550223 0.013393 0.069196
0 0.250000 0.475446 0.022321 0.075893
0 0.101562 0.421875 0.046875 0.183036
0 0.316964 0.316964 0.035714 0.062500
0 0.118304 0.296875 0.013393 0.071429
0 0.390625 0.130580 0.008929 0.051339
0 0.889509 0.321429 0.100446 0.482143
0 0.914062 0.039062 0.015625 0.078125