0 0.832589 0.965402 0.084821 0.064732
0 0.802455 0.908482 0.020089 0.044643
0 0.815848 0.815848 0.015625 0.055804
0 0.579241 0.602679 0.042411 0.062500
0 0.637277 0.584821 0.073661 0.071429
0 0.029018 0.560268 0.053571 0.044643
0 0.726562 0.550223 0.100446 0.042411
0 0.060268 0.525670 0.017857 0.029018
0 0.849330 0.623884 0.145089 0.287946
0 0.963170 0.484375 0.073661 0.022321
0 0.132812 0.409598 0.046875 0.033482
0 0.521205 0.476562 0.082589 0.189732
0 0.180804 0.386161 0.049107 0.022321
0 0.224330 0.358259 0.033482 0.046875
0 0.475446 0.356027 0.013393 0.046875
0 0.347098 0.341518 0.154018 0.049107
0 0.253348 0.322545 0.037946 0.020089
0 0.453125 0.287946 0.044643 0.084821