0 0.225446 0.888393 0.022321 0.017857
0 0.400670 0.892857 0.310268 0.133929
0 0.109375 0.895089 0.218750 0.191964
0 0.780134 0.888393 0.439732 0.223214
0 0.097098 0.758929 0.015625 0.075893
0 0.301339 0.752232 0.022321 0.138393
0 0.295759 0.660714 0.006696 0.022321
0 0.232143 0.610491 0.102679 0.042411
0 0.302455 0.598214 0.029018 0.098214
0 0.119420 0.617188 0.060268 0.171875
0 0.156250 0.359375 0.040179 0.022321
0 0.296875 0.440848 0.040179 0.212054
0 0.250000 0.204241 0.147321 0.287946
0 0.152902 0.251116 0.154018 0.466518
0 0.304688 0.029018 0.015625 0.049107