0 0.234375 0.829241 0.093750 0.341518
0 0.111607 0.704241 0.183036 0.100446
0 0.004464 0.639509 0.008929 0.042411
0 0.309152 0.543527 0.091518 0.377232
0 0.979911 0.367188 0.040179 0.029018
0 0.727679 0.341518 0.316964 0.156250
0 0.353795 0.333705 0.024554 0.167411
0 0.350446 0.232143 0.008929 0.031250
0 0.549107 0.225446 0.049107 0.071429
0 0.507812 0.167411 0.046875 0.049107
0 0.354911 0.171875 0.008929 0.084821
0 0.360491 0.092634 0.011161 0.051339
0 0.360491 0.046875 0.015625 0.035714
0 0.247768 0.177455 0.102679 0.354911