0 0.016741 0.979911 0.020089 0.040179
0 0.736607 0.967634 0.191964 0.064732
0 0.847098 0.928571 0.024554 0.013393
0 0.867188 0.919643 0.024554 0.013393
0 0.719866 0.914062 0.020089 0.055804
0 0.340402 0.939732 0.060268 0.120536
0 0.933036 0.870536 0.107143 0.098214
0 0.371652 0.819196 0.145089 0.053571
0 0.703125 0.833705 0.022321 0.100446
0 0.530134 0.791295 0.046875 0.015625
0 0.484375 0.803571 0.040179 0.044643
0 0.583705 0.761161 0.029018 0.022321
0 0.627232 0.747768 0.022321 0.026786
0 0.148438 0.738839 0.238839 0.383929
0 0.784598 0.376116 0.095982 0.033482
0 0.940848 0.367188 0.118304 0.055804
0 0.156250 0.427455 0.308036 0.189732
0 0.380580 0.281250 0.140625 0.111607
0 0.649554 0.362723 0.129464 0.725446