0 0.077009 0.978795 0.046875 0.042411
0 0.137277 0.964286 0.020089 0.071429
0 0.102679 0.893973 0.040179 0.069196
0 0.041295 0.872768 0.082589 0.089286
0 0.148438 0.834821 0.015625 0.040179
0 0.068080 0.748884 0.020089 0.154018
0 0.133929 0.741071 0.053571 0.147321
0 0.079241 0.647321 0.042411 0.044643
0 0.065848 0.611607 0.006696 0.035714
0 0.064732 0.562500 0.013393 0.058036
0 0.993304 0.188616 0.013393 0.033482
0 0.039062 0.308036 0.078125 0.330357
0 0.988839 0.090402 0.022321 0.100446
0 0.994420 0.024554 0.011161 0.013393
0 0.014509 0.047991 0.029018 0.064732
0 0.989955 0.007812 0.011161 0.015625