0 0.603795 0.996652 0.051339 0.006696
0 0.279018 0.983259 0.026786 0.024554
0 0.208705 0.972098 0.069196 0.024554
0 0.539062 0.966518 0.087054 0.049107
0 0.477679 0.944196 0.017857 0.013393
0 0.607143 0.934152 0.013393 0.051339
0 0.161830 0.916295 0.011161 0.024554
0 0.127232 0.944196 0.022321 0.111607
0 0.436384 0.905134 0.060268 0.064732
0 0.354911 0.819196 0.022321 0.013393
0 0.083705 0.833705 0.167411 0.127232
0 0.330357 0.785714 0.035714 0.053571
0 0.312500 0.742188 0.049107 0.024554
0 0.196429 0.736607 0.120536 0.058036
0 0.579241 0.773438 0.024554 0.176339
0 0.435268 0.702009 0.183036 0.095982
0 0.565848 0.632812 0.029018 0.104911
0 0.130580 0.579241 0.011161 0.060268
0 0.525670 0.563616 0.073661 0.042411
0 0.415179 0.525670 0.031250 0.011161
0 0.375000 0.514509 0.044643 0.011161
0 0.276786 0.503348 0.093750 0.015625
0 0.159598 0.483259 0.055804 0.127232
0 0.732143 0.338170 0.022321 0.095982
0 0.051339 0.350446 0.080357 0.147321
0 0.083705 0.299107 0.011161 0.058036
0 0.946429 0.331473 0.026786 0.198661
0 0.342634 0.218750 0.029018 0.013393
0 0.398438 0.214286 0.060268 0.031250
0 0.090402 0.209821 0.051339 0.022321
0 0.293527 0.197545 0.042411 0.020089
0 0.714286 0.214286 0.031250 0.147321
0 0.010045 0.135045 0.020089 0.029018
0 0.851562 0.165179 0.176339 0.133929
0 0.435268 0.143973 0.026786 0.095982
0 0.956473 0.071429 0.073661 0.142857
0 0.725446 0.421875 0.549107 0.843750
0 0.225446 0.106027 0.133929 0.212054