0 0.705357 0.445312 0.008929 0.015625
0 0.080357 0.979911 0.004464 0.040179
0 0.097098 0.976562 0.037946 0.046875
0 0.222098 0.968750 0.051339 0.053571
0 0.274554 0.949777 0.013393 0.020089
0 0.281250 0.911830 0.008929 0.011161
0 0.543527 0.917411 0.078125 0.165179
0 0.295759 0.863839 0.015625 0.062500
0 0.022321 0.852679 0.044643 0.107143
0 0.305804 0.809152 0.017857 0.024554
0 0.013393 0.780134 0.026786 0.020089
0 0.268973 0.779018 0.069196 0.031250
0 0.500000 0.786830 0.040179 0.091518
0 0.370536 0.753348 0.053571 0.046875
0 0.330357 0.714286 0.035714 0.035714
0 0.299107 0.686384 0.026786 0.020089
0 0.565848 0.641741 0.046875 0.122768
0 0.593750 0.544643 0.022321 0.066964
0 0.631696 0.496652 0.053571 0.042411
0 0.696429 0.402902 0.026786 0.095982
0 0.722098 0.267857 0.024554 0.120536
0 0.707589 0.125000 0.044643 0.160714
0 0.693080 0.013393 0.011161 0.026786