0 0.406250 0.968750 0.031250 0.062500
0 0.558036 0.960938 0.022321 0.078125
0 0.082589 0.784598 0.026786 0.140625
0 0.772321 0.834821 0.125000 0.330357
0 0.433036 0.666295 0.008929 0.037946
0 0.827009 0.679688 0.015625 0.136161
0 0.440848 0.619420 0.006696 0.015625
0 0.093750 0.608259 0.004464 0.051339
0 0.549107 0.637277 0.026786 0.216518
0 0.829241 0.513393 0.011161 0.026786
0 0.448661 0.545759 0.008929 0.100446
0 0.857143 0.465402 0.058036 0.082589
0 0.758929 0.470982 0.031250 0.392857
0 0.869420 0.197545 0.261161 0.395089
0 0.502232 0.241071 0.133929 0.482143
0 0.359375 0.050223 0.147321 0.100446
0 0.139509 0.290179 0.203125 0.580357
0 0.102679 0.013393 0.008929 0.026786