0 0.312500 0.795759 0.174107 0.399554
0 0.441964 0.544643 0.040179 0.062500
0 0.318080 0.533482 0.020089 0.151786
0 0.493304 0.418527 0.049107 0.149554
0 0.306920 0.385045 0.011161 0.091518
0 0.532366 0.309152 0.037946 0.064732
0 0.578125 0.252232 0.031250 0.017857
0 0.321429 0.251116 0.026786 0.136161
0 0.314732 0.188616 0.013393 0.046875
0 0.339286 0.168527 0.017857 0.024554
0 0.303571 0.152902 0.013393 0.024554
0 0.649554 0.184152 0.098214 0.118304
0 0.735491 0.085938 0.037946 0.060268
0 0.436384 0.108259 0.180804 0.113839
0 0.292411 0.085938 0.008929 0.082589
0 0.758929 0.044643 0.026786 0.031250
0 0.799107 0.016741 0.058036 0.033482
0 0.735491 0.010045 0.020089 0.020089
0 0.549107 0.126116 0.058036 0.252232
0 0.265625 0.017857 0.044643 0.035714