0 0.387277 0.304688 0.011161 0.020089
0 0.687500 0.992188 0.017857 0.015625
0 0.210938 0.974330 0.015625 0.051339
0 0.655134 0.827009 0.060268 0.020089
0 0.714286 0.897321 0.022321 0.174107
0 0.566964 0.811384 0.098214 0.042411
0 0.400670 0.882812 0.216518 0.234375
0 0.795759 0.863839 0.109375 0.263393
0 0.681920 0.772321 0.020089 0.089286
0 0.981027 0.686384 0.037946 0.033482
0 0.700893 0.677455 0.013393 0.046875
0 0.873884 0.685268 0.055804 0.098214
0 0.579241 0.657366 0.104911 0.078125
0 0.102679 0.623884 0.017857 0.015625
0 0.650670 0.597098 0.024554 0.024554
0 0.108259 0.599330 0.015625 0.029018
0 0.669643 0.581473 0.017857 0.015625
0 0.546875 0.577009 0.008929 0.029018
0 0.705357 0.580357 0.040179 0.071429
0 0.260045 0.712054 0.180804 0.339286
0 0.905134 0.581473 0.006696 0.100446
0 0.362723 0.532366 0.033482 0.020089
0 0.022321 0.434152 0.040179 0.011161
0 0.070312 0.606027 0.140625 0.377232
0 0.676339 0.350446 0.058036 0.031250
0 0.013393 0.292411 0.026786 0.022321
0 0.222098 0.371652 0.354911 0.261161
0 0.536830 0.389509 0.229911 0.319196
0 0.011161 0.154018 0.022321 0.026786
0 0.381696 0.302455 0.066964 0.386161
0 0.825893 0.302455 0.348214 0.479911
0 0.358259 0.068080 0.015625 0.033482
0 0.030134 0.107143 0.060268 0.125000
0 0.005580 0.024554 0.011161 0.035714