0 0.024554 0.957589 0.031250 0.084821
0 0.042411 0.883929 0.013393 0.035714
0 0.090402 0.725446 0.073661 0.218750
0 0.468750 0.792411 0.040179 0.415179
0 0.449777 0.521205 0.011161 0.122768
0 0.143973 0.489955 0.046875 0.247768
0 0.343750 0.385045 0.214286 0.145089
0 0.200893 0.315848 0.075893 0.082589
0 0.414062 0.223214 0.020089 0.080357
0 0.422991 0.123884 0.020089 0.091518
0 0.187500 0.071429 0.008929 0.031250
0 0.098214 0.139509 0.183036 0.274554
0 0.414062 0.037946 0.006696 0.075893
0 0.180804 0.022321 0.004464 0.044643