0 0.341518 0.888393 0.156250 0.214286
0 0.422991 0.753348 0.020089 0.033482
0 0.738839 0.867188 0.357143 0.265625
0 0.873884 0.713170 0.060268 0.069196
0 0.724330 0.742188 0.042411 0.158482
0 0.428571 0.683036 0.281250 0.107143
0 0.140625 0.793527 0.281250 0.412946
0 0.958705 0.734375 0.082589 0.531250
0 0.251116 0.560268 0.113839 0.205357
0 0.698661 0.530134 0.272321 0.296875
0 0.238839 0.425223 0.013393 0.118304
0 0.583705 0.381696 0.051339 0.084821
0 0.273438 0.393973 0.060268 0.122768
0 0.628348 0.195312 0.171875 0.252232
0 0.041295 0.085938 0.082589 0.046875
0 0.678571 0.049107 0.044643 0.013393
0 0.554688 0.051339 0.020089 0.022321
0 0.818080 0.241071 0.207589 0.450893
0 0.158482 0.015625 0.040179 0.013393
0 0.366071 0.156250 0.325893 0.312500