0 0.146205 0.979911 0.011161 0.040179
0 0.145089 0.888393 0.022321 0.125000
0 0.802455 0.827009 0.082589 0.055804
0 0.149554 0.803571 0.026786 0.044643
0 0.066964 0.830357 0.133929 0.098214
0 0.718750 0.738839 0.084821 0.107143
0 0.986607 0.478795 0.026786 0.042411
0 0.555804 0.725446 0.160714 0.540179
0 0.869420 0.704241 0.122768 0.560268
0 0.725446 0.554688 0.250000 0.363839
0 0.887277 0.357143 0.091518 0.129464
0 0.581473 0.289062 0.015625 0.051339
0 0.619420 0.352679 0.033482 0.191964
0 0.578125 0.250000 0.008929 0.022321
0 0.565848 0.217634 0.024554 0.037946
0 0.345982 0.220982 0.196429 0.111607
0 0.508929 0.180804 0.098214 0.035714
0 0.458705 0.147321 0.020089 0.022321
0 0.834821 0.190848 0.053571 0.118304
0 0.563616 0.145089 0.020089 0.035714
0 0.937500 0.180804 0.093750 0.151786
0 0.601562 0.114955 0.064732 0.037946
0 0.484375 0.103795 0.044643 0.060268
0 0.771205 0.052455 0.020089 0.029018
0 0.944196 0.064732 0.071429 0.129464
0 0.756696 0.014509 0.017857 0.029018
0 0.694196 0.043527 0.080357 0.087054
0 0.511161 0.037946 0.022321 0.075893
0 0.260045 0.388393 0.520089 0.776786