0 0.029018 0.906250 0.058036 0.035714
0 0.068080 0.833705 0.020089 0.051339
0 0.618304 0.771205 0.129464 0.033482
0 0.742188 0.872768 0.118304 0.254464
0 0.918527 0.744420 0.162946 0.042411
0 0.698661 0.724330 0.008929 0.037946
0 0.098214 0.738839 0.044643 0.116071
0 0.984375 0.696429 0.031250 0.044643
0 0.691964 0.657366 0.017857 0.060268
0 0.126116 0.619420 0.252232 0.091518
0 0.685268 0.598214 0.004464 0.053571
0 0.275670 0.573661 0.042411 0.022321
0 0.683036 0.544643 0.040179 0.049107
0 0.453125 0.743304 0.401786 0.513393
0 0.676339 0.443080 0.013393 0.033482
0 0.700893 0.367188 0.044643 0.113839
0 0.739955 0.311384 0.029018 0.024554
0 0.687500 0.282366 0.017857 0.055804
0 0.342634 0.376116 0.095982 0.301339
0 0.765625 0.257812 0.040179 0.078125
0 0.857143 0.187500 0.285714 0.049107
0 0.656250 0.197545 0.093750 0.109375
0 0.058036 0.162946 0.116071 0.044643
0 0.172991 0.137277 0.011161 0.015625
0 0.215402 0.107143 0.011161 0.017857
0 0.774554 0.075893 0.035714 0.098214
0 0.648438 0.068080 0.087054 0.136161
0 0.379464 0.111607 0.406250 0.223214
0 0.208705 0.049107 0.020089 0.098214