0 0.158482 0.962054 0.058036 0.075893
0 0.327009 0.828125 0.113839 0.111607
0 0.901786 0.880580 0.196429 0.238839
0 0.397321 0.761161 0.026786 0.022321
0 0.351562 0.725446 0.064732 0.049107
0 0.046875 0.694196 0.093750 0.022321
0 0.297991 0.689732 0.037946 0.035714
0 0.919643 0.683036 0.160714 0.071429
0 0.208705 0.664062 0.229911 0.051339
0 0.401786 0.661830 0.116071 0.064732
0 0.796875 0.626116 0.040179 0.024554
0 0.641741 0.609375 0.024554 0.013393
0 0.595982 0.608259 0.035714 0.011161
0 0.491071 0.613839 0.093750 0.044643
0 0.510045 0.553571 0.051339 0.080357
0 0.518973 0.503348 0.020089 0.033482
0 0.523438 0.473214 0.024554 0.022321
0 0.023438 0.449777 0.042411 0.024554
0 0.453125 0.436384 0.062500 0.011161
0 0.554688 0.455357 0.136161 0.066964
0 0.060268 0.424107 0.026786 0.040179
0 0.116071 0.391741 0.066964 0.029018
0 0.164062 0.370536 0.029018 0.031250
0 0.700893 0.390625 0.107143 0.093750
0 0.184152 0.344866 0.024554 0.020089
0 0.219866 0.327009 0.042411 0.037946
0 0.779018 0.323661 0.053571 0.062500
0 0.771205 0.282366 0.015625 0.020089
0 0.254464 0.274554 0.017857 0.031250
0 0.272321 0.245536 0.031250 0.031250
0 0.757812 0.247768 0.033482 0.044643
0 0.930804 0.208705 0.031250 0.037946
0 0.214286 0.093750 0.017857 0.017857
0 0.861607 0.083705 0.053571 0.020089
0 0.780134 0.064732 0.046875 0.017857
0 0.503348 0.017857 0.131696 0.013393
0 0.623884 0.020089 0.051339 0.022321