0 0.781250 0.972098 0.013393 0.055804
0 0.777902 0.928571 0.006696 0.026786
0 0.693080 0.805804 0.176339 0.214286
0 0.531250 0.675223 0.147321 0.046875
0 0.430804 0.650670 0.044643 0.037946
0 0.447545 0.619420 0.046875 0.046875
0 0.414062 0.588170 0.020089 0.020089
0 0.391741 0.565848 0.029018 0.024554
0 0.334821 0.588170 0.142857 0.095982
0 0.244420 0.514509 0.037946 0.060268
0 0.203125 0.438616 0.058036 0.087054
0 0.037946 0.261161 0.031250 0.035714
0 0.116071 0.308036 0.129464 0.174107
0 0.012277 0.222098 0.024554 0.042411
0 0.022321 0.167411 0.044643 0.053571
0 0.043527 0.034598 0.087054 0.069196