0 0.030134 0.909598 0.060268 0.015625
0 0.100446 0.861607 0.053571 0.058036
0 0.270089 0.664062 0.044643 0.069196
0 0.338170 0.554688 0.029018 0.046875
0 0.407366 0.497768 0.113839 0.111607
0 0.493304 0.407366 0.066964 0.073661
0 0.535714 0.347098 0.026786 0.046875
0 0.521205 0.306920 0.037946 0.042411
0 0.578125 0.263393 0.075893 0.062500
0 0.641741 0.197545 0.015625 0.024554
0 0.675223 0.170759 0.051339 0.033482
0 0.715402 0.147321 0.029018 0.017857
0 0.750000 0.131696 0.044643 0.017857
0 0.804688 0.103795 0.064732 0.042411
0 0.857143 0.051339 0.049107 0.058036
0 0.889509 0.011161 0.015625 0.022321