0 0.469866 0.896205 0.055804 0.024554
0 0.354911 0.921875 0.093750 0.156250
0 0.447545 0.837054 0.033482 0.053571
0 0.556920 0.814732 0.069196 0.053571
0 0.271205 0.794643 0.020089 0.040179
0 0.335938 0.811384 0.055804 0.078125
0 0.521205 0.772321 0.033482 0.040179
0 0.194196 0.742188 0.026786 0.024554
0 0.232143 0.715402 0.044643 0.015625
0 0.218750 0.686384 0.022321 0.024554
0 0.462054 0.718750 0.058036 0.151786
0 0.169643 0.641741 0.017857 0.011161
0 0.204241 0.650670 0.020089 0.033482
0 0.268973 0.613839 0.037946 0.022321
0 0.205357 0.508929 0.026786 0.017857
0 0.186384 0.435268 0.042411 0.098214
0 0.386161 0.523438 0.093750 0.350446
0 0.200893 0.204241 0.129464 0.341518
0 0.220982 0.013393 0.040179 0.026786