0 0.097098 0.977679 0.042411 0.044643
0 0.210938 0.909598 0.198661 0.091518
0 0.362723 0.858259 0.104911 0.283482
0 0.443080 0.720982 0.055804 0.044643
0 0.513393 0.704241 0.080357 0.024554
0 0.577009 0.691964 0.029018 0.017857
0 0.816964 0.720982 0.366071 0.102679
0 0.620536 0.658482 0.035714 0.022321
0 0.367188 0.670759 0.020089 0.073661
0 0.626116 0.621652 0.015625 0.046875
0 0.577009 0.537946 0.055804 0.049107
0 0.054688 0.321429 0.073661 0.022321
0 0.106027 0.314732 0.024554 0.022321
0 0.450893 0.419643 0.191964 0.241071
0 0.351562 0.280134 0.015625 0.033482
0 0.199777 0.270089 0.158482 0.075893
0 0.312500 0.229911 0.062500 0.040179
0 0.348214 0.120536 0.013393 0.062500
0 0.341518 0.054688 0.026786 0.064732