0 0.171875 0.930804 0.147321 0.138393
0 0.179688 0.784598 0.024554 0.046875
0 0.219866 0.737723 0.020089 0.020089
0 0.958705 0.733259 0.064732 0.029018
0 0.239955 0.722098 0.020089 0.024554
0 0.281250 0.771205 0.084821 0.176339
0 0.896205 0.698661 0.042411 0.035714
0 0.367188 0.650670 0.033482 0.020089
0 0.800223 0.665179 0.122768 0.053571
0 0.302455 0.670759 0.104911 0.064732
0 0.517857 0.574777 0.053571 0.029018
0 0.683036 0.590402 0.116071 0.100446
0 0.593750 0.533482 0.066964 0.040179
0 0.545759 0.481027 0.029018 0.046875
0 0.433036 0.323661 0.116071 0.647321