0 0.352679 0.949777 0.008929 0.100446
0 0.933036 0.914062 0.031250 0.046875
0 0.358259 0.882812 0.011161 0.029018
0 0.620536 0.795759 0.008929 0.060268
0 0.890625 0.767857 0.040179 0.084821
0 0.840402 0.662946 0.033482 0.031250
0 0.426339 0.573661 0.040179 0.004464
0 0.366071 0.715402 0.017857 0.292411
0 0.387277 0.561384 0.033482 0.029018
0 0.344866 0.525670 0.029018 0.029018
0 0.071429 0.556920 0.142857 0.091518
0 0.164062 0.491071 0.042411 0.049107
0 0.386161 0.497768 0.022321 0.093750
0 0.195312 0.457589 0.029018 0.013393
0 0.246652 0.443080 0.069196 0.051339
0 0.226562 0.416295 0.029018 0.011161
0 0.198661 0.407366 0.022321 0.015625
0 0.321429 0.356027 0.084821 0.078125
0 0.466518 0.361607 0.142857 0.174107
0 0.714286 0.275670 0.022321 0.029018
0 0.911830 0.274554 0.033482 0.031250
0 0.883929 0.252232 0.022321 0.017857
0 0.438616 0.193080 0.020089 0.091518
0 0.723214 0.146205 0.008929 0.037946
0 0.447545 0.101562 0.015625 0.087054
0 0.454241 0.021205 0.011161 0.042411