0 0.580357 0.820312 0.022321 0.046875
0 0.544643 0.774554 0.058036 0.040179
0 0.323661 0.674107 0.102679 0.066964
0 0.236607 0.600446 0.075893 0.075893
0 0.174107 0.568080 0.035714 0.033482
0 0.148438 0.526786 0.024554 0.026786
0 0.157366 0.518973 0.015625 0.015625
0 0.121652 0.510045 0.033482 0.024554
0 0.052455 0.479911 0.104911 0.040179
0 0.218750 0.485491 0.107143 0.073661
0 0.847098 0.453125 0.305804 0.049107
0 0.366071 0.410714 0.191964 0.084821
0 0.572545 0.392857 0.212054 0.075893
0 0.516741 0.223214 0.011161 0.129464
0 0.521205 0.078125 0.011161 0.156250