0 0.583705 0.982143 0.015625 0.035714
0 0.619420 0.821429 0.113839 0.352679
0 0.693080 0.564732 0.082589 0.156250
0 0.618304 0.468750 0.026786 0.031250
0 0.680804 0.476562 0.058036 0.087054
0 0.558036 0.420759 0.017857 0.011161
0 0.599330 0.418527 0.060268 0.029018
0 0.518973 0.411830 0.055804 0.020089
0 0.460938 0.407366 0.064732 0.020089
0 0.359375 0.334821 0.031250 0.017857
0 0.296875 0.337054 0.053571 0.026786
0 0.238839 0.302455 0.044643 0.029018
0 0.744420 0.369420 0.069196 0.229911
0 0.136161 0.258929 0.102679 0.035714
0 0.058036 0.261161 0.058036 0.107143
0 0.079241 0.197545 0.042411 0.029018
0 0.031250 0.177455 0.062500 0.020089
0 0.827009 0.126116 0.140625 0.252232