0 0.032366 0.523438 0.064732 0.029018
0 0.117188 0.516741 0.100446 0.037946
0 0.219866 0.433036 0.060268 0.031250
0 0.377232 0.396205 0.040179 0.011161
0 0.497768 0.395089 0.035714 0.013393
0 0.446429 0.393973 0.040179 0.015625
0 0.340402 0.390625 0.029018 0.017857
0 0.284598 0.397321 0.078125 0.035714
0 0.527902 0.382812 0.024554 0.029018
0 0.572545 0.337054 0.064732 0.058036
0 0.915179 0.286830 0.142857 0.046875
0 0.816964 0.251116 0.053571 0.024554
0 0.671875 0.267857 0.129464 0.089286
0 0.764509 0.231027 0.051339 0.024554