0 0.454241 0.982143 0.011161 0.035714
0 0.434152 0.945312 0.037946 0.042411
0 0.440848 0.887277 0.020089 0.069196
0 0.437500 0.829241 0.013393 0.033482
0 0.429688 0.710938 0.046875 0.109375
0 0.398438 0.607143 0.033482 0.093750
0 0.391741 0.539062 0.011161 0.042411
0 0.960938 0.503348 0.078125 0.069196
0 0.893973 0.479911 0.055804 0.022321
0 0.280134 0.489955 0.560268 0.341518
0 0.714286 0.385045 0.303571 0.283482
0 0.830357 0.133929 0.013393 0.031250
0 0.823661 0.082589 0.013393 0.031250
0 0.823661 0.032366 0.013393 0.064732