0 0.949777 0.900670 0.100446 0.029018
0 0.858259 0.822545 0.029018 0.033482
0 0.814732 0.784598 0.026786 0.024554
0 0.762277 0.687500 0.064732 0.111607
0 0.720982 0.594866 0.022321 0.069196
0 0.630580 0.479911 0.162946 0.156250
0 0.536830 0.396205 0.029018 0.011161
0 0.473214 0.379464 0.049107 0.040179
0 0.430804 0.340402 0.031250 0.051339
0 0.393973 0.218750 0.037946 0.071429
0 0.351562 0.167411 0.055804 0.031250
0 0.315848 0.140625 0.015625 0.017857
0 0.196429 0.055804 0.098214 0.031250
0 0.069196 0.046875 0.080357 0.017857