0 0.745536 0.733259 0.022321 0.033482
0 0.753348 0.691964 0.020089 0.044643
0 0.123884 0.647321 0.140625 0.062500
0 0.735491 0.635045 0.024554 0.042411
0 0.334821 0.597098 0.026786 0.011161
0 0.722098 0.598214 0.024554 0.026786
0 0.476562 0.593750 0.037946 0.017857
0 0.464286 0.779018 0.151786 0.392857
0 0.285714 0.598214 0.049107 0.031250
0 0.670759 0.470982 0.020089 0.044643
0 0.441964 0.496652 0.142857 0.292411
0 0.674107 0.370536 0.044643 0.133929
0 0.626116 0.244420 0.011161 0.029018
0 0.522321 0.243304 0.160714 0.191964
0 0.610491 0.084821 0.055804 0.129464