0 0.011161 0.974330 0.022321 0.015625
0 0.058036 0.921875 0.071429 0.062500
0 0.119420 0.850446 0.055804 0.075893
0 0.175223 0.771205 0.064732 0.078125
0 0.246652 0.679688 0.055804 0.037946
0 0.286830 0.589286 0.015625 0.040179
0 0.309152 0.539062 0.033482 0.060268
0 0.083705 0.547991 0.100446 0.087054
0 0.150670 0.494420 0.029018 0.024554
0 0.912946 0.425223 0.035714 0.011161
0 0.476562 0.424107 0.095982 0.026786
0 0.631696 0.422991 0.075893 0.037946
0 0.373884 0.425223 0.109375 0.042411
0 0.957589 0.412946 0.084821 0.035714
0 0.276786 0.405134 0.053571 0.020089
0 0.219866 0.402902 0.037946 0.015625
0 0.693080 0.392857 0.051339 0.017857
0 0.830357 0.393973 0.227679 0.051339