0 0.468750 0.751116 0.053571 0.024554
0 0.755580 0.549107 0.064732 0.080357
0 0.472098 0.337054 0.051339 0.013393
0 0.438616 0.308036 0.011161 0.013393
0 0.440848 0.570312 0.274554 0.582589
0 0.446429 0.275670 0.035714 0.033482
0 0.335938 0.246652 0.055804 0.073661
0 0.273438 0.226562 0.024554 0.046875
0 0.552455 0.233259 0.095982 0.091518
0 0.194196 0.178571 0.026786 0.026786
0 0.220982 0.152902 0.026786 0.015625
0 0.242188 0.150670 0.029018 0.015625
0 0.217634 0.120536 0.024554 0.026786
0 0.462054 0.167411 0.058036 0.178571
0 0.172991 0.074777 0.024554 0.020089
0 0.200893 0.055804 0.022321 0.022321
0 0.271205 0.049107 0.029018 0.022321
0 0.409598 0.068080 0.046875 0.136161
0 0.251116 0.011161 0.020089 0.022321