0 0.414062 0.842634 0.046875 0.015625
0 0.372768 0.834821 0.031250 0.013393
0 0.448661 0.825893 0.022321 0.031250
0 0.315848 0.863839 0.087054 0.133929
0 0.171875 0.783482 0.031250 0.008929
0 0.478795 0.774554 0.051339 0.071429
0 0.162946 0.734375 0.013393 0.013393
0 0.541295 0.720982 0.069196 0.053571
0 0.046875 0.671875 0.093750 0.031250
0 0.606027 0.666295 0.064732 0.051339
0 0.698661 0.550223 0.125000 0.176339
0 0.274554 0.531250 0.209821 0.205357
0 0.435268 0.410714 0.066964 0.017857
0 0.808036 0.414062 0.035714 0.029018
0 0.501116 0.360491 0.046875 0.024554
0 0.541295 0.341518 0.029018 0.017857
0 0.617188 0.305804 0.064732 0.049107
0 0.852679 0.303571 0.035714 0.058036
0 0.866071 0.261161 0.022321 0.031250
0 0.668527 0.261161 0.042411 0.035714
0 0.992188 0.170759 0.015625 0.015625
0 0.950893 0.169643 0.062500 0.031250
0 0.909598 0.159598 0.015625 0.015625
0 0.886161 0.154018 0.026786 0.017857
0 0.858259 0.152902 0.029018 0.015625
0 0.816964 0.140625 0.053571 0.013393