0 0.012277 0.994420 0.024554 0.011161
0 0.128348 0.975446 0.046875 0.040179
0 0.204241 0.936384 0.046875 0.024554
0 0.295759 0.901786 0.064732 0.049107
0 0.292411 0.863839 0.022321 0.013393
0 0.291295 0.848214 0.020089 0.017857
0 0.359375 0.787946 0.102679 0.116071
0 0.351562 0.656250 0.069196 0.116071
0 0.372768 0.573661 0.026786 0.013393
0 0.431920 0.535714 0.069196 0.066964
0 0.940848 0.410714 0.073661 0.031250
0 0.585938 0.455357 0.216518 0.138393
0 0.804688 0.397321 0.158482 0.049107
0 0.722098 0.358259 0.037946 0.015625
0 0.751116 0.339286 0.024554 0.026786
0 0.757812 0.248884 0.064732 0.136161
0 0.799107 0.165179 0.098214 0.026786
0 0.723214 0.149554 0.071429 0.075893
0 0.870536 0.120536 0.066964 0.031250
0 0.922991 0.090402 0.051339 0.033482
0 0.766741 0.079241 0.055804 0.051339
0 0.981027 0.055804 0.037946 0.026786
0 0.738839 0.031250 0.017857 0.022321