0 0.688616 0.989955 0.020089 0.020089
0 0.856027 0.955357 0.011161 0.013393
0 0.831473 0.960938 0.029018 0.033482
0 0.908482 0.940848 0.062500 0.020089
0 0.206473 0.925223 0.033482 0.015625
0 0.625000 0.929688 0.013393 0.033482
0 0.944196 0.915179 0.013393 0.026786
0 0.985491 0.869420 0.029018 0.037946
0 0.103795 0.810268 0.029018 0.017857
0 0.011161 0.810268 0.022321 0.026786
0 0.177455 0.787946 0.042411 0.026786
0 0.502232 0.709821 0.031250 0.013393
0 0.463170 0.713170 0.042411 0.024554
0 0.554688 0.704241 0.029018 0.020089
0 0.277902 0.691964 0.029018 0.017857
0 0.350446 0.680804 0.040179 0.022321
0 0.579241 0.678571 0.029018 0.049107
0 0.295759 0.671875 0.020089 0.035714
0 0.243304 0.684152 0.035714 0.060268
0 0.929688 0.647321 0.024554 0.035714
0 0.837054 0.633929 0.044643 0.022321
0 0.962054 0.620536 0.035714 0.031250
0 0.166295 0.607143 0.033482 0.017857
0 0.731027 0.623884 0.055804 0.060268
0 0.107143 0.566964 0.026786 0.013393
0 0.059152 0.551339 0.037946 0.022321
0 0.709821 0.505580 0.022321 0.051339
0 0.733259 0.445312 0.015625 0.024554
0 0.881696 0.314732 0.035714 0.017857
0 0.181920 0.270089 0.011161 0.017857
0 0.535714 0.284598 0.017857 0.051339
0 0.773438 0.294643 0.113839 0.080357
0 0.013393 0.258929 0.026786 0.035714
0 0.146205 0.209821 0.207589 0.035714
0 0.484375 0.203125 0.120536 0.066964
0 0.939732 0.204241 0.120536 0.073661
0 0.719866 0.176339 0.037946 0.022321
0 0.323661 0.193080 0.142857 0.064732
0 0.863839 0.168527 0.026786 0.029018
0 0.636161 0.203125 0.169643 0.098214
0 0.829241 0.156250 0.024554 0.017857
0 0.750000 0.156250 0.022321 0.022321
0 0.022321 0.168527 0.044643 0.064732
0 0.784598 0.133929 0.029018 0.035714
0 0.816964 0.127232 0.017857 0.026786
0 0.981027 0.091518 0.020089 0.017857
0 0.946429 0.068080 0.026786 0.015625
0 0.925223 0.025670 0.015625 0.011161
0 0.888393 0.024554 0.026786 0.017857
0 0.857143 0.014509 0.031250 0.015625