0 0.609375 0.975446 0.017857 0.035714
0 0.089286 0.968750 0.178571 0.062500
0 0.697545 0.873884 0.020089 0.020089
0 0.744420 0.801339 0.100446 0.111607
0 0.030134 0.746652 0.060268 0.033482
0 0.066964 0.703125 0.017857 0.017857
0 0.857143 0.681920 0.044643 0.033482
0 0.915179 0.578125 0.022321 0.017857
0 0.030134 0.550223 0.051339 0.015625
0 0.151786 0.599330 0.187500 0.149554
0 0.268973 0.516741 0.046875 0.042411
0 0.321429 0.475446 0.044643 0.017857
0 0.671875 0.508929 0.656250 0.276786
0 0.324777 0.309152 0.149554 0.180804
0 0.238839 0.196429 0.040179 0.058036
0 0.208705 0.166295 0.024554 0.029018
0 0.139509 0.075893 0.078125 0.075893
0 0.987723 0.010045 0.024554 0.020089
0 0.083705 0.012277 0.020089 0.024554