0 0.714286 0.981027 0.026786 0.037946
0 0.710938 0.939732 0.029018 0.058036
0 0.746652 0.815848 0.078125 0.162946
0 0.767857 0.699777 0.022321 0.064732
0 0.766741 0.648438 0.042411 0.029018
0 0.752232 0.607143 0.022321 0.053571
0 0.703125 0.554688 0.062500 0.046875
0 0.492188 0.547991 0.024554 0.051339
0 0.670759 0.472098 0.011161 0.024554
0 0.484375 0.412946 0.044643 0.156250
0 0.497768 0.289062 0.044643 0.060268
0 0.491071 0.220982 0.026786 0.058036
0 0.491071 0.177455 0.031250 0.020089
0 0.542411 0.146205 0.040179 0.020089
0 0.579241 0.126116 0.029018 0.024554
0 0.595982 0.081473 0.022321 0.037946
0 0.619420 0.031250 0.033482 0.044643