0 0.443080 0.832589 0.011161 0.013393
0 0.418527 0.835938 0.024554 0.029018
0 0.430804 0.805804 0.031250 0.026786
0 0.389509 0.802455 0.046875 0.033482
0 0.813616 0.780134 0.015625 0.020089
0 0.756696 0.779018 0.040179 0.026786
0 0.280134 0.754464 0.051339 0.013393
0 0.591518 0.776786 0.138393 0.066964
0 0.708705 0.763393 0.122768 0.044643
0 0.219866 0.744420 0.064732 0.029018
0 0.974330 0.731027 0.051339 0.020089
0 0.463170 0.739955 0.118304 0.042411
0 0.525670 0.716518 0.011161 0.013393
0 0.079241 0.733259 0.158482 0.046875
0 0.864955 0.733259 0.167411 0.064732
0 0.174107 0.703125 0.022321 0.013393
0 0.255580 0.712054 0.162946 0.084821