0 0.208705 0.972098 0.042411 0.037946
0 0.891741 0.950893 0.051339 0.098214
0 0.218750 0.912946 0.017857 0.044643
0 0.489955 0.907366 0.033482 0.082589
0 0.219866 0.861607 0.015625 0.053571
0 0.523438 0.765625 0.042411 0.080357
0 0.218750 0.765625 0.017857 0.138393
0 0.541295 0.681920 0.033482 0.073661
0 0.735491 0.706473 0.529018 0.390625
0 0.717634 0.507812 0.015625 0.037946
0 0.693080 0.452009 0.033482 0.055804
0 0.689732 0.392857 0.044643 0.058036
0 0.008929 0.309152 0.017857 0.024554
0 0.008929 0.271205 0.017857 0.055804
0 0.029018 0.171875 0.008929 0.031250
0 0.051339 0.146205 0.040179 0.033482
0 0.351562 0.353795 0.703125 0.667411
0 0.715402 0.011161 0.024554 0.022321
0 0.577009 0.065848 0.020089 0.131696