0 0.756696 0.946429 0.040179 0.049107
0 0.685268 0.853795 0.111607 0.136161
0 0.645089 0.738839 0.013393 0.026786
0 0.621652 0.636161 0.060268 0.058036
0 0.572545 0.592634 0.042411 0.024554
0 0.540179 0.570312 0.040179 0.015625
0 0.505580 0.460938 0.988839 0.252232
0 0.688616 0.319196 0.011161 0.044643
0 0.688616 0.258929 0.020089 0.058036
0 0.236607 0.248884 0.053571 0.100446
0 0.659598 0.183036 0.037946 0.035714
0 0.279018 0.128348 0.013393 0.033482
0 0.622768 0.120536 0.035714 0.089286
0 0.270089 0.012277 0.008929 0.024554