0 0.167411 0.972098 0.022321 0.055804
0 0.139509 0.902902 0.029018 0.069196
0 0.077009 0.812500 0.033482 0.058036
0 0.022321 0.761161 0.044643 0.026786
0 0.081473 0.744420 0.037946 0.055804
0 0.111607 0.696429 0.017857 0.022321
0 0.204241 0.570312 0.167411 0.243304
0 0.308036 0.438616 0.044643 0.024554
0 0.337054 0.402902 0.013393 0.033482
0 0.831473 0.376116 0.033482 0.011161
0 0.362723 0.366071 0.055804 0.022321
0 0.502232 0.333705 0.071429 0.024554
0 0.400670 0.314732 0.029018 0.084821
0 0.418527 0.226562 0.020089 0.087054
0 0.430804 0.167411 0.013393 0.035714
0 0.447545 0.118304 0.029018 0.066964
0 0.460938 0.043527 0.042411 0.087054