0 0.625000 0.959821 0.022321 0.080357
0 0.681920 0.844866 0.136161 0.145089
0 0.649554 0.781250 0.013393 0.026786
0 0.632812 0.713170 0.015625 0.042411
0 0.633929 0.664062 0.017857 0.051339
0 0.148438 0.556920 0.296875 0.104911
0 0.337054 0.514509 0.089286 0.042411
0 0.725446 0.477679 0.053571 0.031250
0 0.873884 0.516741 0.252232 0.493304
0 0.954241 0.248884 0.020089 0.037946
0 0.542411 0.407366 0.316964 0.426339
0 0.939732 0.184152 0.017857 0.033482
0 0.467634 0.172991 0.011161 0.042411
0 0.460938 0.112723 0.015625 0.011161
0 0.425223 0.070312 0.060268 0.078125
0 0.907366 0.059152 0.020089 0.118304
0 0.385045 0.014509 0.024554 0.029018