0 0.027902 0.752232 0.055804 0.058036
0 0.101562 0.657366 0.037946 0.060268
0 0.137277 0.602679 0.024554 0.035714
0 0.156250 0.560268 0.022321 0.035714
0 0.208705 0.539062 0.078125 0.024554
0 0.267857 0.522321 0.040179 0.031250
0 0.351562 0.485491 0.029018 0.015625
0 0.398438 0.445312 0.033482 0.042411
0 0.429688 0.376116 0.037946 0.091518
0 0.467634 0.280134 0.051339 0.095982
0 0.530134 0.146205 0.037946 0.020089
0 0.571429 0.130580 0.040179 0.020089
0 0.612723 0.050223 0.015625 0.046875
0 0.623884 0.012277 0.020089 0.024554