0 0.863839 0.888393 0.133929 0.049107
0 0.943080 0.861607 0.029018 0.013393
0 0.973214 0.848214 0.031250 0.017857
0 0.767857 0.849330 0.053571 0.051339
0 0.688616 0.800223 0.104911 0.046875
0 0.348214 0.774554 0.026786 0.008929
0 0.448661 0.755580 0.165179 0.042411
0 0.609375 0.751116 0.053571 0.037946
0 0.255580 0.743304 0.091518 0.031250
0 0.558036 0.731027 0.053571 0.033482
0 0.481027 0.640625 0.011161 0.053571
0 0.477679 0.564732 0.008929 0.049107
0 0.486607 0.465402 0.008929 0.055804
0 0.495536 0.368304 0.008929 0.026786
0 0.517857 0.302455 0.026786 0.046875
0 0.580357 0.282366 0.035714 0.011161
0 0.641741 0.266741 0.029018 0.015625
0 0.669643 0.234375 0.031250 0.049107
0 0.712054 0.189732 0.058036 0.044643
0 0.750000 0.152902 0.022321 0.029018
0 0.815848 0.039062 0.078125 0.078125