0 0.928571 0.948661 0.017857 0.044643
0 0.934152 0.897321 0.029018 0.053571
0 0.422991 0.905134 0.051339 0.189732
0 0.965402 0.804688 0.011161 0.042411
0 0.405134 0.761161 0.015625 0.071429
0 0.973214 0.726562 0.022321 0.069196
0 0.399554 0.704241 0.013393 0.042411
0 0.013393 0.578125 0.026786 0.022321
0 0.035714 0.547991 0.026786 0.033482
0 0.399554 0.604911 0.031250 0.156250
0 0.075893 0.491071 0.058036 0.080357
0 0.382812 0.481027 0.015625 0.087054
0 0.109375 0.444196 0.013393 0.013393
0 0.123884 0.422991 0.024554 0.024554
0 0.266741 0.381696 0.256696 0.098214
0 0.800223 0.180804 0.399554 0.138393
0 0.466518 0.222098 0.218750 0.225446
0 0.621652 0.085938 0.011161 0.029018
0 0.601562 0.044643 0.037946 0.049107