0 0.302455 0.925223 0.042411 0.087054
0 0.672991 0.931920 0.033482 0.136161
0 0.632812 0.872768 0.033482 0.026786
0 0.975446 0.831473 0.040179 0.042411
0 0.901786 0.787946 0.022321 0.013393
0 0.929688 0.785714 0.029018 0.022321
0 0.972098 0.784598 0.055804 0.024554
0 0.444196 0.847098 0.888393 0.305804
0 0.989955 0.669643 0.020089 0.062500
0 0.974330 0.619420 0.015625 0.037946
0 0.601562 0.646205 0.051339 0.091518
0 0.636161 0.581473 0.022321 0.033482
0 0.712054 0.457589 0.013393 0.013393
0 0.479911 0.460938 0.022321 0.037946
0 0.034598 0.464286 0.011161 0.089286
0 0.729911 0.434152 0.026786 0.033482
0 0.911830 0.409598 0.011161 0.029018
0 0.773438 0.375000 0.033482 0.049107
0 0.040179 0.362723 0.008929 0.051339
0 0.974330 0.360491 0.051339 0.051339
0 0.930804 0.344866 0.040179 0.020089
0 0.473214 0.290179 0.102679 0.035714
0 0.036830 0.293527 0.033482 0.060268
0 0.598214 0.264509 0.116071 0.046875
0 0.327009 0.284598 0.189732 0.100446
0 0.746652 0.229911 0.140625 0.129464
0 0.119420 0.207589 0.145089 0.107143
0 0.677455 0.101562 0.020089 0.033482
0 0.891741 0.197545 0.216518 0.377232
0 0.646205 0.041295 0.042411 0.082589
0 0.101562 0.060268 0.055804 0.120536