0 0.805804 0.891741 0.026786 0.011161
0 0.786830 0.881696 0.020089 0.013393
0 0.742188 0.929688 0.069196 0.113839
0 0.733259 0.813616 0.024554 0.060268
0 0.706473 0.764509 0.037946 0.033482
0 0.683036 0.737723 0.013393 0.020089
0 0.659598 0.688616 0.006696 0.033482
0 0.603795 0.637277 0.042411 0.029018
0 0.755580 0.518973 0.011161 0.037946
0 0.646205 0.709821 0.676339 0.580357
0 0.744420 0.388393 0.033482 0.209821
0 0.219866 0.313616 0.185268 0.198661
0 0.748884 0.234375 0.046875 0.084821
0 0.065848 0.232143 0.131696 0.098214
0 0.774554 0.100446 0.017857 0.049107
0 0.752232 0.033482 0.017857 0.058036