0 0.960938 0.545759 0.078125 0.011161
0 0.789062 0.546875 0.033482 0.017857
0 0.863839 0.542411 0.111607 0.022321
0 0.725446 0.535714 0.031250 0.013393
0 0.551339 0.518973 0.026786 0.011161
0 0.696429 0.515625 0.031250 0.013393
0 0.420759 0.506696 0.060268 0.013393
0 0.674107 0.503348 0.013393 0.015625
0 0.582589 0.503348 0.040179 0.020089
0 0.233259 0.494420 0.033482 0.011161
0 0.268973 0.491071 0.024554 0.017857
0 0.635045 0.484375 0.037946 0.008929
0 0.125000 0.487723 0.058036 0.015625
0 0.084821 0.484375 0.017857 0.013393
0 0.323661 0.479911 0.044643 0.008929
0 0.180804 0.481027 0.031250 0.015625