0 0.629464 0.751116 0.013393 0.011161
0 0.609375 0.734375 0.049107 0.017857
0 0.834821 0.731027 0.031250 0.024554
0 0.898438 0.728795 0.055804 0.042411
0 0.972098 0.720982 0.055804 0.049107
0 0.706473 0.728795 0.131696 0.122768
0 0.514509 0.626116 0.024554 0.024554
0 0.541295 0.611607 0.029018 0.013393
0 0.464286 0.602679 0.075893 0.053571
0 0.047991 0.532366 0.095982 0.087054
0 0.410714 0.518973 0.049107 0.109375
0 0.166295 0.448661 0.095982 0.093750
0 0.360491 0.414062 0.020089 0.029018
0 0.272321 0.360491 0.138393 0.078125