0 0.458705 0.958705 0.055804 0.082589
0 0.473214 0.887277 0.026786 0.046875
0 0.348214 0.876116 0.156250 0.131696
0 0.457589 0.818080 0.017857 0.091518
0 0.445312 0.741071 0.020089 0.062500
0 0.449777 0.696429 0.029018 0.022321
0 0.138393 0.739955 0.276786 0.167411
0 0.447545 0.616071 0.033482 0.133929
0 0.454241 0.507812 0.011161 0.033482
0 0.437500 0.388393 0.044643 0.138393
0 0.437500 0.302455 0.013393 0.020089
0 0.416295 0.143973 0.064732 0.185268
0 0.389509 0.029018 0.015625 0.058036
0 0.078125 0.066964 0.156250 0.133929