0 0.077009 0.931920 0.091518 0.024554
0 0.207589 0.926339 0.049107 0.017857
0 0.253348 0.912946 0.037946 0.017857
0 0.597098 0.794643 0.024554 0.031250
0 0.668527 0.735491 0.131696 0.087054
0 0.508929 0.831473 0.330357 0.337054
0 0.021205 0.651786 0.042411 0.053571
0 0.289062 0.612723 0.109375 0.113839
0 0.135045 0.606027 0.167411 0.109375
0 0.804688 0.607143 0.136161 0.191964
0 0.270089 0.491071 0.044643 0.129464
0 0.271205 0.383929 0.020089 0.080357
0 0.937500 0.378348 0.125000 0.265625
0 0.248884 0.276786 0.051339 0.129464
0 0.204241 0.141741 0.051339 0.140625
0 0.196429 0.040179 0.013393 0.031250
0 0.154018 0.041295 0.044643 0.064732
0 0.117188 0.007812 0.024554 0.015625