0 0.582589 0.933036 0.066964 0.058036
0 0.446429 0.840402 0.169643 0.154018
0 0.072545 0.717634 0.029018 0.011161
0 0.027902 0.708705 0.055804 0.020089
0 0.370536 0.725446 0.031250 0.080357
0 0.122768 0.693080 0.075893 0.051339
0 0.350446 0.664062 0.013393 0.029018
0 0.181920 0.657366 0.051339 0.020089
0 0.242188 0.635045 0.078125 0.024554
0 0.314732 0.629464 0.062500 0.031250
0 0.348214 0.514509 0.013393 0.073661
0 0.341518 0.443080 0.026786 0.064732
0 0.329241 0.366071 0.011161 0.075893
0 0.973214 0.329241 0.053571 0.029018
0 0.319196 0.306920 0.026786 0.020089
0 0.944196 0.264509 0.017857 0.020089
0 0.313616 0.247768 0.020089 0.040179
0 0.954241 0.237723 0.011161 0.029018
0 0.896205 0.235491 0.082589 0.051339
0 0.777902 0.215402 0.055804 0.024554
0 0.829241 0.213170 0.051339 0.029018
0 0.723214 0.175223 0.058036 0.051339
0 0.015625 0.122768 0.031250 0.017857
0 0.291295 0.121652 0.020089 0.033482
0 0.657366 0.126116 0.069196 0.046875
0 0.332589 0.109375 0.026786 0.017857
0 0.094866 0.094866 0.127232 0.042411
0 0.465402 0.060268 0.051339 0.017857
0 0.180804 0.068080 0.040179 0.033482
0 0.427455 0.051339 0.024554 0.013393
0 0.514509 0.056920 0.042411 0.029018
0 0.558036 0.050223 0.044643 0.020089
0 0.333705 0.062500 0.158482 0.071429
0 0.659598 0.030134 0.154018 0.060268
0 0.251116 0.021205 0.042411 0.042411