0 0.832589 0.845982 0.022321 0.308036
0 0.030134 0.602679 0.020089 0.022321
0 0.821429 0.638393 0.004464 0.102679
0 0.064732 0.545759 0.058036 0.087054
0 0.821429 0.531250 0.017857 0.107143
0 0.104911 0.464286 0.022321 0.044643
0 0.830357 0.418527 0.013393 0.078125
0 0.125000 0.397321 0.022321 0.058036
0 0.151786 0.320312 0.008929 0.020089
0 0.818080 0.332589 0.015625 0.080357
0 0.156250 0.261161 0.008929 0.084821
0 0.198661 0.208705 0.035714 0.091518
0 0.808036 0.164062 0.031250 0.100446
0 0.236607 0.130580 0.044643 0.060268
0 0.777902 0.047991 0.033482 0.095982
0 0.372768 0.030134 0.125000 0.060268