0 0.956473 0.882812 0.087054 0.033482
0 0.869420 0.809152 0.082589 0.078125
0 0.804688 0.727679 0.046875 0.066964
0 0.757812 0.618304 0.029018 0.071429
0 0.722098 0.572545 0.037946 0.020089
0 0.676339 0.549107 0.049107 0.044643
0 0.626116 0.522321 0.046875 0.017857
0 0.011161 0.428571 0.022321 0.026786
0 0.560268 0.459821 0.080357 0.125000
0 0.506696 0.370536 0.031250 0.040179
0 0.070312 0.340402 0.051339 0.029018
0 0.473214 0.338170 0.035714 0.033482
0 0.143973 0.301339 0.091518 0.053571
0 0.414062 0.273438 0.015625 0.029018
0 0.304688 0.271205 0.198661 0.029018