0 0.959821 0.989955 0.013393 0.020089
0 0.964286 0.969866 0.008929 0.015625
0 0.972098 0.869420 0.055804 0.207589
0 0.992188 0.741071 0.015625 0.053571
0 0.216518 0.419643 0.071429 0.044643
0 0.880580 0.398438 0.238839 0.069196
0 0.731027 0.342634 0.055804 0.033482
0 0.678571 0.338170 0.044643 0.024554
0 0.322545 0.359375 0.118304 0.084821
0 0.623884 0.304688 0.029018 0.024554
0 0.578125 0.276786 0.058036 0.040179
0 0.460938 0.281250 0.100446 0.062500
0 0.530134 0.247768 0.037946 0.017857
0 0.422991 0.213170 0.113839 0.091518
0 0.294643 0.177455 0.093750 0.046875
0 0.193080 0.151786 0.113839 0.058036