0 0.059152 0.967634 0.051339 0.064732
0 0.143973 0.873884 0.046875 0.046875
0 0.178571 0.838170 0.026786 0.024554
0 0.220982 0.793527 0.058036 0.064732
0 0.260045 0.737723 0.024554 0.042411
0 0.229911 0.713170 0.022321 0.024554
0 0.258929 0.684152 0.035714 0.033482
0 0.299107 0.657366 0.040179 0.051339
0 0.338170 0.618304 0.037946 0.031250
0 0.420759 0.546875 0.055804 0.031250
0 0.475446 0.523438 0.053571 0.024554
0 0.535714 0.486607 0.062500 0.053571
0 0.602679 0.335938 0.075893 0.247768
0 0.606027 0.190848 0.024554 0.037946
0 0.579241 0.135045 0.011161 0.029018
0 0.570312 0.092634 0.015625 0.051339
0 0.553571 0.032366 0.022321 0.064732