0 0.812500 0.939732 0.138393 0.040179
0 0.958705 0.919643 0.082589 0.031250
0 0.515625 0.876116 0.044643 0.020089
0 0.656250 0.861607 0.040179 0.080357
0 0.588170 0.835938 0.069196 0.060268
0 0.393973 0.816964 0.234375 0.062500
0 0.637277 0.792411 0.020089 0.031250
0 0.140625 0.879464 0.281250 0.241071
0 0.716518 0.690848 0.125000 0.131696
0 0.984375 0.573661 0.031250 0.035714
0 0.867188 0.602679 0.171875 0.116071
0 0.989955 0.272321 0.020089 0.044643
0 0.967634 0.213170 0.037946 0.069196
0 0.931920 0.121652 0.033482 0.122768
0 0.937500 0.027902 0.022321 0.055804
0 0.876116 0.036830 0.069196 0.073661