0 0.981027 0.767857 0.024554 0.008929
0 0.181920 0.722098 0.055804 0.024554
0 0.225446 0.700893 0.040179 0.035714
0 0.893973 0.695312 0.212054 0.046875
0 0.775670 0.669643 0.024554 0.013393
0 0.709821 0.639509 0.035714 0.015625
0 0.279018 0.658482 0.049107 0.058036
0 0.650670 0.617188 0.029018 0.015625
0 0.342634 0.619420 0.064732 0.033482
0 0.388393 0.600446 0.022321 0.013393
0 0.610491 0.591518 0.051339 0.035714
0 0.560268 0.558036 0.026786 0.013393
0 0.472098 0.560268 0.140625 0.080357
0 0.434152 0.520089 0.011161 0.044643
0 0.312500 0.481027 0.040179 0.015625
0 0.330357 0.468750 0.017857 0.013393
0 0.410714 0.475446 0.138393 0.044643
0 0.257812 0.455357 0.087054 0.044643
0 0.172991 0.438616 0.078125 0.055804