0 0.291295 0.458705 0.095982 0.046875
0 0.352679 0.428571 0.017857 0.017857
0 0.610491 0.362723 0.046875 0.015625
0 0.440848 0.331473 0.051339 0.087054
0 0.691964 0.303571 0.035714 0.049107
0 0.101562 0.283482 0.055804 0.026786
0 0.303571 0.237723 0.022321 0.011161
0 0.191964 0.245536 0.102679 0.058036
0 0.578125 0.223214 0.040179 0.031250
0 0.511161 0.242188 0.089286 0.087054
0 0.804688 0.222098 0.109375 0.055804
0 0.936384 0.207589 0.127232 0.031250
0 0.645089 0.197545 0.093750 0.033482
0 0.712054 0.179688 0.026786 0.015625
0 0.786830 0.180804 0.051339 0.022321
0 0.756696 0.187500 0.022321 0.040179