0 0.018973 0.599330 0.037946 0.042411
0 0.930804 0.510045 0.035714 0.024554
0 0.877232 0.522321 0.035714 0.049107
0 0.983259 0.507812 0.033482 0.069196
0 0.641741 0.486607 0.051339 0.026786
0 0.050223 0.476562 0.015625 0.015625
0 0.712054 0.481027 0.098214 0.033482
0 0.606027 0.469866 0.037946 0.037946
0 0.818080 0.467634 0.073661 0.064732
0 0.563616 0.416295 0.042411 0.037946
0 0.082589 0.415179 0.040179 0.053571
0 0.174107 0.363839 0.022321 0.031250
0 0.235491 0.316964 0.055804 0.022321
0 0.467634 0.301339 0.140625 0.102679
0 0.382812 0.264509 0.033482 0.029018
0 0.329241 0.258929 0.055804 0.031250