0 0.322545 0.986607 0.024554 0.026786
0 0.545759 0.909598 0.006696 0.055804
0 0.434152 0.824777 0.024554 0.029018
0 0.541295 0.785714 0.006696 0.044643
0 0.537946 0.746652 0.008929 0.029018
0 0.531250 0.704241 0.017857 0.051339
0 0.525670 0.625000 0.015625 0.013393
0 0.583705 0.597098 0.100446 0.046875
0 0.654018 0.559152 0.049107 0.037946
0 0.492188 0.579241 0.055804 0.122768
0 0.693080 0.527902 0.029018 0.029018
0 0.726562 0.503348 0.020089 0.015625
0 0.777902 0.466518 0.082589 0.066964
0 0.427455 0.415179 0.020089 0.040179
0 0.867188 0.401786 0.060268 0.035714
0 0.912946 0.370536 0.013393 0.017857
0 0.371652 0.328125 0.033482 0.053571
0 0.983259 0.260045 0.033482 0.033482