0 0.015625 0.992188 0.031250 0.015625
0 0.141741 0.989955 0.024554 0.020089
0 0.111607 0.986607 0.035714 0.026786
0 0.160714 0.981027 0.022321 0.029018
0 0.638393 0.925223 0.017857 0.020089
0 0.292411 0.889509 0.044643 0.015625
0 0.189732 0.940848 0.093750 0.118304
0 0.323661 0.878348 0.017857 0.020089
0 0.636161 0.885045 0.107143 0.087054
0 0.555804 0.853795 0.049107 0.037946
0 0.935268 0.869420 0.058036 0.073661
0 0.953125 0.832589 0.017857 0.026786
0 0.981027 0.833705 0.037946 0.033482
0 0.794643 0.830357 0.209821 0.053571
0 0.468750 0.767857 0.013393 0.017857
0 0.434152 0.829241 0.189732 0.145089
0 0.454241 0.751116 0.015625 0.024554
0 0.449777 0.685268 0.020089 0.111607
0 0.462054 0.525670 0.049107 0.100446
0 0.514509 0.388393 0.037946 0.053571
0 0.232143 0.314732 0.062500 0.026786
0 0.658482 0.299107 0.053571 0.075893
0 0.555804 0.300223 0.062500 0.118304
0 0.619420 0.236607 0.033482 0.058036
0 0.619420 0.199777 0.011161 0.020089
0 0.145089 0.225446 0.080357 0.075893
0 0.097098 0.174107 0.037946 0.080357
0 0.747768 0.093750 0.504464 0.187500
0 0.081473 0.041295 0.024554 0.082589