0 0.872768 0.540179 0.017857 0.031250
0 0.819196 0.665179 0.138393 0.290179
0 0.869420 0.475446 0.011161 0.031250
0 0.376116 0.497768 0.752232 0.187500
0 0.864955 0.427455 0.020089 0.069196
0 0.718750 0.383929 0.026786 0.040179
0 0.735491 0.337054 0.029018 0.053571
0 0.862723 0.343750 0.029018 0.102679
0 0.866071 0.283482 0.017857 0.013393
0 0.768973 0.275670 0.037946 0.064732
0 0.861607 0.241071 0.022321 0.040179
0 0.800223 0.225446 0.033482 0.017857
0 0.819196 0.210938 0.017857 0.015625
0 0.852679 0.171875 0.035714 0.080357
0 0.863839 0.051339 0.022321 0.102679