0 0.751116 0.987723 0.020089 0.024554
0 0.690848 0.885045 0.024554 0.060268
0 0.641741 0.787946 0.024554 0.089286
0 0.623884 0.658482 0.029018 0.044643
0 0.595982 0.623884 0.022321 0.015625
0 0.553571 0.574777 0.022321 0.033482
0 0.526786 0.535714 0.035714 0.040179
0 0.498884 0.510045 0.020089 0.011161
0 0.452009 0.497768 0.033482 0.035714
0 0.385045 0.437500 0.078125 0.058036
0 0.284598 0.361607 0.046875 0.049107
0 0.246652 0.305804 0.042411 0.058036
0 0.180804 0.222098 0.089286 0.113839
0 0.094866 0.106027 0.091518 0.113839
0 0.032366 0.018973 0.024554 0.024554