0 0.629464 0.919643 0.098214 0.026786
0 0.545759 0.906250 0.042411 0.022321
0 0.502232 0.875000 0.022321 0.017857
0 0.439732 0.841518 0.102679 0.080357
0 0.386161 0.783482 0.022321 0.040179
0 0.358259 0.710938 0.078125 0.104911
0 0.318080 0.628348 0.015625 0.055804
0 0.217634 0.601562 0.046875 0.024554
0 0.147321 0.600446 0.089286 0.026786
0 0.056920 0.606027 0.100446 0.046875
0 0.357143 0.522321 0.236607 0.151786
0 0.473214 0.433036 0.017857 0.022321
0 0.483259 0.412946 0.015625 0.022321
0 0.981027 0.370536 0.037946 0.035714
0 0.696429 0.268973 0.531250 0.265625
0 0.467634 0.090402 0.037946 0.078125
0 0.454241 0.024554 0.011161 0.049107
0 0.271205 0.080357 0.310268 0.160714