0 0.147321 0.786830 0.026786 0.015625
0 0.198661 0.783482 0.066964 0.013393
0 0.275670 0.779018 0.073661 0.017857
0 0.073661 0.786830 0.147321 0.060268
0 0.330357 0.758929 0.040179 0.040179
0 0.379464 0.726562 0.017857 0.033482
0 0.398438 0.697545 0.024554 0.024554
0 0.811384 0.690848 0.037946 0.015625
0 0.952009 0.697545 0.095982 0.064732
0 0.888393 0.656250 0.035714 0.017857
0 0.737723 0.647321 0.082589 0.049107
0 0.474330 0.618304 0.051339 0.035714
0 0.585938 0.592634 0.176339 0.064732
0 0.510045 0.529018 0.042411 0.058036
0 0.472098 0.462054 0.029018 0.058036
0 0.462054 0.325893 0.026786 0.107143
0 0.427455 0.112723 0.020089 0.078125
0 0.409598 0.049107 0.015625 0.031250