0 0.531250 0.985491 0.022321 0.029018
0 0.775670 0.970982 0.015625 0.040179
0 0.523438 0.953125 0.015625 0.031250
0 0.792411 0.900670 0.022321 0.033482
0 0.089286 0.910714 0.031250 0.058036
0 0.513393 0.895089 0.017857 0.080357
0 0.029018 0.883929 0.058036 0.058036
0 0.099330 0.845982 0.091518 0.049107
0 0.506696 0.813616 0.013393 0.078125
0 0.170759 0.795759 0.064732 0.046875
0 0.505580 0.753348 0.015625 0.037946
0 0.256696 0.753348 0.107143 0.042411
0 0.989955 0.728795 0.020089 0.020089
0 0.347098 0.694196 0.060268 0.066964
0 0.839286 0.668527 0.008929 0.029018
0 0.440848 0.649554 0.122768 0.062500
0 0.714286 0.569196 0.053571 0.026786
0 0.914062 0.614955 0.078125 0.131696
0 0.569196 0.547991 0.040179 0.015625
0 0.806920 0.574777 0.127232 0.100446
0 0.512277 0.563616 0.060268 0.104911
0 0.871652 0.516741 0.020089 0.020089
0 0.947545 0.526786 0.042411 0.066964
0 0.646205 0.515625 0.082589 0.089286
0 0.952009 0.440848 0.060268 0.069196
0 0.534598 0.428571 0.100446 0.062500
0 0.984375 0.353795 0.031250 0.020089
0 0.492188 0.363839 0.024554 0.053571
0 0.184152 0.331473 0.064732 0.020089
0 0.041295 0.324777 0.082589 0.024554
0 0.459821 0.315848 0.031250 0.011161
0 0.387277 0.337054 0.109375 0.053571
0 0.960938 0.304688 0.024554 0.069196
0 0.475446 0.262277 0.013393 0.087054
0 0.031250 0.222098 0.044643 0.015625
0 0.959821 0.217634 0.044643 0.051339
0 0.070312 0.203125 0.033482 0.031250
0 0.906250 0.189732 0.026786 0.013393
0 0.870536 0.177455 0.040179 0.020089
0 0.824777 0.168527 0.046875 0.011161
0 0.462054 0.147321 0.013393 0.035714
0 0.724330 0.108259 0.051339 0.015625
0 0.197545 0.110491 0.082589 0.051339
0 0.458705 0.103795 0.011161 0.051339
0 0.669643 0.080357 0.031250 0.026786
0 0.308036 0.063616 0.133929 0.051339
0 0.568080 0.029018 0.069196 0.017857
0 0.396205 0.031250 0.037946 0.022321
0 0.641741 0.015625 0.073661 0.031250
0 0.468750 0.022321 0.102679 0.044643