0 0.927455 0.975446 0.020089 0.049107
0 0.593750 0.710938 0.080357 0.024554
0 0.954241 0.809152 0.091518 0.234375
0 0.505580 0.702009 0.091518 0.020089
0 0.670759 0.695312 0.069196 0.046875
0 0.244420 0.675223 0.051339 0.011161
0 0.408482 0.677455 0.102679 0.042411
0 0.308036 0.658482 0.075893 0.026786
0 0.156250 0.655134 0.093750 0.051339
0 0.053571 0.639509 0.107143 0.020089
0 0.763393 0.647321 0.125000 0.049107
0 0.864955 0.629464 0.060268 0.022321
0 0.015625 0.584821 0.031250 0.049107
0 0.053571 0.494420 0.022321 0.042411
0 0.899554 0.507812 0.013393 0.100446
0 0.075893 0.447545 0.044643 0.024554
0 0.892857 0.437500 0.026786 0.035714
0 0.108259 0.427455 0.024554 0.020089
0 0.154018 0.373884 0.058036 0.064732
0 0.880580 0.364955 0.011161 0.064732
0 0.208705 0.320312 0.051339 0.033482
0 0.870536 0.297991 0.026786 0.042411
0 0.864955 0.243304 0.020089 0.040179
0 0.294643 0.260045 0.116071 0.095982
0 0.872768 0.129464 0.049107 0.058036
0 0.532366 0.147321 0.301339 0.142857
0 0.697545 0.079241 0.024554 0.011161
0 0.840402 0.082589 0.078125 0.053571
0 0.735491 0.068080 0.046875 0.033482
0 0.905134 0.065848 0.046875 0.033482
0 0.969866 0.052455 0.060268 0.015625
0 0.799107 0.022321 0.049107 0.044643