0 0.393973 0.968750 0.015625 0.062500
0 0.405134 0.902902 0.015625 0.029018
0 0.502232 0.879464 0.129464 0.066964
0 0.955357 0.850446 0.026786 0.017857
0 0.415179 0.849330 0.026786 0.064732
0 0.604911 0.820312 0.026786 0.015625
0 0.889509 0.821429 0.042411 0.026786
0 0.579241 0.824777 0.029018 0.037946
0 0.381696 0.812500 0.035714 0.017857
0 0.348214 0.802455 0.026786 0.011161
0 0.851562 0.796875 0.033482 0.031250
0 0.257812 0.801339 0.118304 0.066964
0 0.157366 0.764509 0.082589 0.020089
0 0.796875 0.748884 0.093750 0.060268
0 0.047991 0.731027 0.091518 0.046875
0 0.758929 0.687500 0.022321 0.058036
0 0.416295 0.670759 0.011161 0.033482
0 0.742188 0.640625 0.029018 0.035714
0 0.719866 0.598214 0.020089 0.044643
0 0.438616 0.588170 0.020089 0.082589
0 0.694196 0.439732 0.013393 0.026786
0 0.453125 0.417411 0.013393 0.040179
0 0.469866 0.389509 0.020089 0.015625
0 0.484375 0.366071 0.013393 0.031250
0 0.592634 0.342634 0.064732 0.015625
0 0.674107 0.356027 0.013393 0.055804
0 0.530134 0.330357 0.037946 0.013393
0 0.670759 0.291295 0.024554 0.051339
0 0.496652 0.301339 0.055804 0.093750
0 0.674107 0.162946 0.017857 0.049107
0 0.498884 0.176339 0.020089 0.075893
0 0.506696 0.129464 0.013393 0.022321
0 0.498884 0.098214 0.015625 0.035714
0 0.506696 0.064732 0.013393 0.026786