0 0.969866 0.827009 0.020089 0.051339
0 0.938616 0.785714 0.029018 0.017857
0 0.833705 0.739955 0.185268 0.078125
0 0.720982 0.674107 0.022321 0.013393
0 0.010045 0.593750 0.020089 0.017857
0 0.690848 0.597098 0.006696 0.033482
0 0.026786 0.569196 0.022321 0.040179
0 0.651786 0.498884 0.031250 0.042411
0 0.087054 0.466518 0.058036 0.031250
0 0.601562 0.460938 0.033482 0.037946
0 0.157366 0.433036 0.029018 0.022321
0 0.190848 0.415179 0.033482 0.026786
0 0.248884 0.386161 0.037946 0.022321
0 0.439732 0.367188 0.053571 0.015625
0 0.504464 0.371652 0.075893 0.037946
0 0.329241 0.369420 0.122768 0.037946