0 0.338170 0.962054 0.020089 0.040179
0 0.358259 0.821429 0.011161 0.098214
0 0.440848 0.513393 0.015625 0.022321
0 0.487723 0.454241 0.033482 0.042411
0 0.563616 0.303571 0.020089 0.035714
0 0.645089 0.191964 0.008929 0.053571
0 0.637277 0.119420 0.015625 0.033482
0 0.348214 0.841518 0.049107 0.316964
0 0.401786 0.600446 0.089286 0.169643
0 0.458705 0.485491 0.015625 0.033482
0 0.517857 0.372768 0.102679 0.147321
0 0.585938 0.275670 0.037946 0.046875
0 0.619420 0.189732 0.051339 0.120536
0 0.677455 0.060268 0.109375 0.120536