0 0.051339 0.172991 0.013393 0.020089
0 0.723214 0.988839 0.026786 0.017857
0 0.116071 0.602679 0.008929 0.017857
0 0.060268 0.241071 0.008929 0.058036
0 0.646205 0.609375 0.042411 0.017857
0 0.101562 0.508929 0.006696 0.044643
0 0.787946 0.940848 0.031250 0.015625
0 0.083705 0.900670 0.015625 0.046875
0 0.098214 0.789062 0.022321 0.069196
0 0.392857 0.785714 0.031250 0.071429
0 0.477679 0.706473 0.017857 0.015625
0 0.639509 0.618304 0.055804 0.017857
0 0.697545 0.600446 0.029018 0.013393
0 0.530134 0.582589 0.020089 0.049107
0 0.113839 0.554688 0.017857 0.033482
0 0.545759 0.527902 0.011161 0.011161
0 0.108259 0.503348 0.015625 0.029018
0 0.564732 0.446429 0.013393 0.035714
0 0.100446 0.411830 0.017857 0.033482
0 0.081473 0.340402 0.015625 0.033482
0 0.633929 0.285714 0.017857 0.031250
0 0.654018 0.238839 0.017857 0.022321
0 0.050223 0.234375 0.015625 0.098214
0 0.666295 0.188616 0.020089 0.011161
0 0.068080 0.118304 0.024554 0.058036
0 0.689732 0.098214 0.017857 0.049107
0 0.045759 0.020089 0.024554 0.040179