0 0.694196 0.781250 0.017857 0.022321
0 0.991071 0.723214 0.017857 0.017857
0 0.700893 0.770089 0.013393 0.031250
0 0.062500 0.979911 0.013393 0.022321
0 0.693080 0.761161 0.015625 0.013393
0 0.010045 0.877232 0.020089 0.031250
0 0.689732 0.823661 0.013393 0.066964
0 0.974330 0.779018 0.015625 0.013393
0 0.195312 0.760045 0.024554 0.015625
0 0.404018 0.745536 0.013393 0.017857
0 0.976562 0.722098 0.011161 0.011161
0 0.073661 0.681920 0.031250 0.033482
0 0.706473 0.690848 0.015625 0.055804
0 0.425223 0.669643 0.015625 0.013393
0 0.136161 0.635045 0.013393 0.011161
0 0.438616 0.617188 0.011161 0.015625
0 0.457589 0.543527 0.013393 0.020089
0 0.708705 0.529018 0.020089 0.191964
0 0.687500 0.373884 0.013393 0.024554
0 0.529018 0.349330 0.017857 0.015625
0 0.671875 0.323661 0.013393 0.031250
0 0.655134 0.245536 0.020089 0.116071
0 0.652902 0.082589 0.015625 0.049107
0 0.646205 0.017857 0.011161 0.035714