0 0.310268 0.013393 0.013393 0.022321
0 0.383929 0.522321 0.017857 0.013393
0 0.991071 0.332589 0.017857 0.026786
0 0.382812 0.878348 0.006696 0.033482
0 0.058036 0.774554 0.013393 0.026786
0 0.065848 0.722098 0.015625 0.024554
0 0.979911 0.681920 0.040179 0.015625
0 0.395089 0.648438 0.013393 0.051339
0 0.878348 0.607143 0.015625 0.031250
0 0.396205 0.583705 0.006696 0.051339
0 0.385045 0.536830 0.015625 0.029018
0 0.136161 0.475446 0.013393 0.013393
0 0.330357 0.155134 0.013393 0.015625
0 0.303571 0.072545 0.008929 0.029018
0 0.350446 0.992188 0.013393 0.015625
0 0.013393 0.885045 0.026786 0.046875
0 0.687500 0.860491 0.013393 0.033482
0 0.369420 0.887277 0.020089 0.087054
0 0.029018 0.833705 0.017857 0.015625
0 0.717634 0.833705 0.033482 0.020089
0 0.816964 0.780134 0.017857 0.015625
0 0.049107 0.779018 0.017857 0.053571
0 0.065848 0.705357 0.015625 0.017857
0 0.975446 0.689732 0.049107 0.017857
0 0.082589 0.662946 0.013393 0.031250
0 0.866071 0.669643 0.031250 0.156250
0 0.866071 0.578125 0.017857 0.022321
0 0.101562 0.583705 0.015625 0.055804
0 0.885045 0.544643 0.011161 0.013393
0 0.387277 0.678571 0.029018 0.285714
0 0.117188 0.513393 0.024554 0.053571
0 0.904018 0.501116 0.013393 0.033482
0 0.370536 0.487723 0.017857 0.024554
0 0.366071 0.453125 0.013393 0.040179
0 0.956473 0.406250 0.015625 0.022321
0 0.188616 0.385045 0.015625 0.015625
0 0.979911 0.360491 0.022321 0.033482
0 0.323661 0.305804 0.026786 0.102679
0 0.331473 0.227679 0.015625 0.053571
0 0.337054 0.171875 0.031250 0.022321
0 0.314732 0.073661 0.022321 0.102679
0 0.299107 0.008929 0.013393 0.017857