0 0.239955 0.920759 0.006696 0.051339
0 0.237723 0.724330 0.011161 0.020089
0 0.233259 0.780134 0.011161 0.051339
0 0.263393 0.639509 0.013393 0.020089
0 0.280134 0.607143 0.015625 0.035714
0 0.334821 0.474330 0.013393 0.020089
0 0.457589 0.158482 0.013393 0.017857
0 0.227679 0.859375 0.031250 0.281250
0 0.263393 0.659598 0.017857 0.033482
0 0.281250 0.590402 0.013393 0.029018
0 0.331473 0.458705 0.011161 0.020089
0 0.367188 0.393973 0.015625 0.029018
0 0.387277 0.368304 0.015625 0.013393
0 0.430804 0.266741 0.026786 0.033482
0 0.439732 0.208705 0.013393 0.055804
0 0.504464 0.066964 0.026786 0.053571
0 0.529018 0.018973 0.017857 0.037946