0 0.668527 0.676339 0.029018 0.013393
0 0.893973 0.275670 0.020089 0.020089
0 0.396205 0.706473 0.011161 0.015625
0 0.383929 0.779018 0.017857 0.022321
0 0.131696 0.626116 0.008929 0.033482
0 0.899554 0.552455 0.022321 0.020089
0 0.799107 0.956473 0.017857 0.011161
0 0.714286 0.957589 0.040179 0.017857
0 0.886161 0.921875 0.017857 0.017857
0 0.386161 0.760045 0.013393 0.015625
0 0.388393 0.716518 0.013393 0.031250
0 0.654018 0.699777 0.017857 0.029018
0 0.098214 0.704241 0.017857 0.042411
0 0.122768 0.627232 0.013393 0.031250
0 0.404018 0.623884 0.017857 0.073661
0 0.135045 0.577009 0.011161 0.024554
0 0.893973 0.549107 0.029018 0.013393
0 0.937500 0.545759 0.013393 0.015625
0 0.155134 0.518973 0.015625 0.033482
0 0.794643 0.526786 0.017857 0.053571
0 0.404018 0.501116 0.022321 0.176339
0 0.832589 0.386161 0.013393 0.013393
0 0.386161 0.351562 0.013393 0.015625
0 0.351562 0.222098 0.020089 0.091518
0 0.920759 0.191964 0.020089 0.053571
0 0.349330 0.074777 0.015625 0.029018
0 0.975446 0.020089 0.013393 0.040179
0 0.340402 0.016741 0.015625 0.033482