0 0.897321 0.736607 0.026786 0.013393
0 0.094866 0.299107 0.015625 0.013393
0 0.697545 0.683036 0.011161 0.040179
0 0.049107 0.029018 0.013393 0.017857
0 0.925223 0.236607 0.020089 0.022321
0 0.156250 0.786830 0.013393 0.037946
0 0.705357 0.773438 0.013393 0.029018
0 0.707589 0.743304 0.013393 0.031250
0 0.851562 0.733259 0.051339 0.020089
0 0.708705 0.675223 0.015625 0.037946
0 0.083705 0.458705 0.015625 0.015625
0 0.082589 0.398438 0.004464 0.060268
0 0.083705 0.319196 0.015625 0.040179
0 0.904018 0.291295 0.013393 0.024554
0 0.922991 0.244420 0.015625 0.015625
0 0.060268 0.216518 0.008929 0.035714
0 0.512277 0.887277 0.051339 0.060268
0 0.564732 0.850446 0.013393 0.013393
0 0.647321 0.813616 0.035714 0.015625
0 0.135045 0.901786 0.046875 0.196429
0 0.708705 0.762277 0.011161 0.024554
0 0.910714 0.726562 0.031250 0.015625
0 0.960938 0.707589 0.024554 0.013393
0 0.698661 0.705357 0.031250 0.053571
0 0.713170 0.646205 0.024554 0.033482
0 0.733259 0.593750 0.029018 0.022321
0 0.758929 0.554688 0.013393 0.029018
0 0.795759 0.510045 0.011161 0.011161
0 0.136161 0.636161 0.053571 0.263393
0 0.833705 0.450893 0.020089 0.035714
0 0.854911 0.415179 0.026786 0.044643
0 0.066964 0.395089 0.026786 0.107143
0 0.877232 0.359375 0.031250 0.071429
0 0.080357 0.331473 0.008929 0.015625
0 0.090402 0.284598 0.029018 0.060268
0 0.939732 0.215402 0.013393 0.029018
0 0.058036 0.206473 0.031250 0.082589
0 0.959821 0.170759 0.017857 0.051339
0 0.041295 0.126116 0.020089 0.029018
0 0.975446 0.117188 0.017857 0.055804
0 0.958705 0.083705 0.020089 0.015625
0 0.993304 0.045759 0.013393 0.011161
0 0.055804 0.041295 0.035714 0.082589