0 0.296875 0.900670 0.013393 0.020089
0 0.456473 0.636161 0.011161 0.013393
0 0.475446 0.617188 0.013393 0.011161
0 0.501116 0.569196 0.011161 0.044643
0 0.514509 0.495536 0.015625 0.017857
0 0.619420 0.327009 0.015625 0.033482
0 0.640625 0.256696 0.017857 0.022321
0 0.619420 0.047991 0.015625 0.015625
0 0.258929 0.965402 0.026786 0.069196
0 0.277902 0.924107 0.011161 0.013393
0 0.294643 0.886161 0.013393 0.013393
0 0.323661 0.834821 0.035714 0.053571
0 0.369420 0.757812 0.015625 0.020089
0 0.385045 0.728795 0.011161 0.020089
0 0.402902 0.706473 0.011161 0.011161
0 0.420759 0.679688 0.015625 0.033482
0 0.492188 0.561384 0.029018 0.082589
0 0.511161 0.508929 0.008929 0.017857
0 0.564732 0.456473 0.008929 0.011161
0 0.581473 0.416295 0.015625 0.042411
0 0.609375 0.359375 0.031250 0.058036
0 0.625000 0.305804 0.031250 0.031250
0 0.652902 0.233259 0.015625 0.029018
0 0.668527 0.160714 0.029018 0.066964
0 0.659598 0.108259 0.029018 0.033482
0 0.600446 0.016741 0.013393 0.033482