0 0.588170 0.029018 0.015625 0.026786
0 0.351562 0.960938 0.015625 0.015625
0 0.412946 0.957589 0.075893 0.017857
0 0.074777 0.739955 0.011161 0.015625
0 0.796875 0.723214 0.013393 0.013393
0 0.080357 0.690848 0.013393 0.020089
0 0.511161 0.582589 0.053571 0.017857
0 0.422991 0.563616 0.015625 0.051339
0 0.085938 0.500000 0.015625 0.031250
0 0.081473 0.449777 0.015625 0.033482
0 0.993304 0.385045 0.013393 0.015625
0 0.039062 0.273438 0.011161 0.060268
0 0.529018 0.235491 0.017857 0.037946
0 0.045759 0.209821 0.015625 0.022321
0 0.546875 0.175223 0.017857 0.020089
0 0.033482 0.090402 0.013393 0.024554
0 0.027902 0.037946 0.015625 0.031250