0 0.405134 0.116071 0.006696 0.017857
0 0.412946 0.050223 0.008929 0.024554
0 0.171875 0.991071 0.013393 0.017857
0 0.242188 0.849330 0.020089 0.024554
0 0.504464 0.341518 0.008929 0.031250
0 0.493304 0.299107 0.013393 0.017857
0 0.422991 0.187500 0.015625 0.017857
0 0.404018 0.027902 0.013393 0.024554
0 0.172991 0.983259 0.015625 0.033482
0 0.190848 0.938616 0.015625 0.015625
0 0.243304 0.844866 0.013393 0.042411
0 0.262277 0.813616 0.015625 0.011161
0 0.343750 0.678571 0.026786 0.066964
0 0.420759 0.564732 0.011161 0.017857
0 0.458705 0.478795 0.015625 0.060268
0 0.495536 0.345982 0.022321 0.093750
0 0.401786 0.145089 0.017857 0.031250
0 0.406250 0.071429 0.017857 0.071429
0 0.405134 0.010045 0.015625 0.020089