0 0.407366 0.700893 0.015625 0.026786
0 0.405134 0.688616 0.011161 0.024554
0 0.167411 0.805804 0.008929 0.035714
0 0.344866 0.011161 0.011161 0.022321
0 0.359375 0.447545 0.013393 0.069196
0 0.137277 0.891741 0.020089 0.033482
0 0.402902 0.829241 0.015625 0.042411
0 0.160714 0.805804 0.008929 0.031250
0 0.761161 0.773438 0.013393 0.024554
0 0.848214 0.738839 0.013393 0.017857
0 0.404018 0.742188 0.013393 0.046875
0 0.188616 0.697545 0.020089 0.033482
0 0.762277 0.678571 0.020089 0.066964
0 0.405134 0.641741 0.020089 0.069196
0 0.208705 0.608259 0.015625 0.029018
0 0.361607 0.440848 0.008929 0.042411
0 0.866071 0.397321 0.017857 0.031250
0 0.368304 0.361607 0.013393 0.040179
0 0.352679 0.246652 0.017857 0.042411
0 0.352679 0.122768 0.017857 0.111607
0 0.339286 0.008929 0.008929 0.017857