0 0.684152 0.152902 0.015625 0.020089
0 0.140625 0.735491 0.017857 0.042411
0 0.992188 0.669643 0.015625 0.022321
0 0.128348 0.833705 0.015625 0.015625
0 0.389509 0.796875 0.015625 0.013393
0 0.089286 0.411830 0.017857 0.069196
0 0.689732 0.196429 0.013393 0.022321
0 0.080357 0.092634 0.017857 0.033482
0 0.117188 0.895089 0.015625 0.035714
0 0.136161 0.771205 0.013393 0.033482
0 0.511161 0.724330 0.013393 0.015625
0 0.511161 0.702009 0.017857 0.033482
0 0.611607 0.690848 0.031250 0.015625
0 0.136161 0.696429 0.017857 0.035714
0 0.139509 0.651786 0.015625 0.013393
0 0.510045 0.636161 0.015625 0.062500
0 0.137277 0.591518 0.020089 0.062500
0 0.619420 0.401786 0.015625 0.013393
0 0.088170 0.409598 0.006696 0.037946
0 0.101562 0.314732 0.020089 0.017857
0 0.080357 0.246652 0.017857 0.055804
0 0.081473 0.127232 0.015625 0.071429
0 0.743304 0.062500 0.017857 0.017857