0 0.505580 0.174107 0.011161 0.013393
0 0.558036 0.543527 0.013393 0.015625
0 0.591518 0.428571 0.013393 0.040179
0 0.494420 0.223214 0.015625 0.022321
0 0.530134 0.056920 0.024554 0.037946
0 0.299107 0.975446 0.013393 0.013393
0 0.347098 0.885045 0.020089 0.011161
0 0.437500 0.753348 0.017857 0.033482
0 0.457589 0.698661 0.013393 0.031250
0 0.511161 0.643973 0.013393 0.029018
0 0.546875 0.564732 0.013393 0.049107
0 0.583705 0.475446 0.020089 0.017857
0 0.582589 0.438616 0.017857 0.060268
0 0.582589 0.388393 0.013393 0.022321
0 0.526786 0.313616 0.017857 0.020089
0 0.508929 0.286830 0.013393 0.029018
0 0.494420 0.242188 0.015625 0.020089
0 0.494420 0.209821 0.015625 0.026786
0 0.492188 0.179688 0.011161 0.033482
0 0.511161 0.111607 0.013393 0.031250
0 0.529018 0.036830 0.013393 0.073661