0 0.830357 0.989955 0.017857 0.020089
0 0.273438 0.338170 0.006696 0.055804
0 0.848214 0.091518 0.013393 0.031250
0 0.295759 0.901786 0.015625 0.031250
0 0.306920 0.838170 0.015625 0.024554
0 0.547991 0.829241 0.015625 0.020089
0 0.313616 0.762277 0.015625 0.055804
0 0.066964 0.743304 0.017857 0.049107
0 0.753348 0.671875 0.037946 0.013393
0 0.857143 0.636161 0.022321 0.013393
0 0.670759 0.645089 0.015625 0.066964
0 0.689732 0.547991 0.013393 0.015625
0 0.315848 0.619420 0.020089 0.194196
0 0.117188 0.517857 0.020089 0.031250
0 0.760045 0.388393 0.015625 0.017857
0 0.779018 0.335938 0.013393 0.024554
0 0.267857 0.335938 0.013393 0.069196
0 0.277902 0.244420 0.015625 0.046875
0 0.832589 0.152902 0.013393 0.015625
0 0.832589 0.137277 0.013393 0.015625
0 0.261161 0.133929 0.017857 0.049107
0 0.258929 0.027902 0.017857 0.055804