0 0.358259 0.660714 0.015625 0.035714
0 0.474330 0.332589 0.015625 0.022321
0 0.190848 0.993304 0.015625 0.013393
0 0.206473 0.947545 0.011161 0.029018
0 0.224330 0.904018 0.011161 0.017857
0 0.242188 0.885045 0.011161 0.011161
0 0.263393 0.828125 0.017857 0.026786
0 0.351562 0.659598 0.020089 0.073661
0 0.367188 0.588170 0.011161 0.033482
0 0.421875 0.493304 0.017857 0.026786
0 0.456473 0.411830 0.015625 0.033482
0 0.468750 0.356027 0.022321 0.033482
0 0.489955 0.281250 0.011161 0.022321
0 0.502232 0.198661 0.026786 0.066964
0 0.493304 0.149554 0.017857 0.022321
0 0.493304 0.133929 0.013393 0.013393
0 0.441964 0.041295 0.013393 0.024554
0 0.421875 0.008929 0.013393 0.017857