0 0.978795 0.944196 0.042411 0.022321
0 0.895089 0.933036 0.040179 0.133929
0 0.902902 0.739955 0.042411 0.127232
0 0.922991 0.680804 0.051339 0.017857
0 0.973214 0.659598 0.053571 0.024554
0 0.805804 0.614955 0.058036 0.095982
0 0.760045 0.549107 0.024554 0.026786
0 0.610491 0.540179 0.033482 0.013393
0 0.691964 0.532366 0.031250 0.011161
0 0.736607 0.441964 0.031250 0.084821
0 0.748884 0.377232 0.015625 0.044643
0 0.752232 0.337054 0.031250 0.044643
0 0.734375 0.300223 0.008929 0.042411
0 0.729911 0.254464 0.022321 0.040179
0 0.743304 0.207589 0.017857 0.035714
0 0.717634 0.154018 0.029018 0.058036
0 0.683036 0.109375 0.035714 0.053571
0 0.666295 0.022321 0.015625 0.031250