0 0.041295 0.402902 0.033482 0.011161
0 0.228795 0.385045 0.029018 0.011161
0 0.026786 0.375000 0.053571 0.013393
0 0.194196 0.376116 0.035714 0.020089
0 0.772321 0.367188 0.035714 0.011161
0 0.130580 0.356027 0.087054 0.029018
0 0.897321 0.329241 0.035714 0.006696
0 0.941964 0.316964 0.058036 0.026786
0 0.056920 0.291295 0.082589 0.033482
0 0.773438 0.276786 0.064732 0.017857
0 0.797991 0.296875 0.158482 0.062500
0 0.664062 0.254464 0.104911 0.026786
0 0.342634 0.248884 0.104911 0.015625
0 0.236607 0.246652 0.098214 0.011161
0 0.559152 0.237723 0.029018 0.015625
0 0.112723 0.222098 0.046875 0.015625
0 0.050223 0.224330 0.078125 0.020089
0 0.491071 0.220982 0.053571 0.017857
0 0.166295 0.227679 0.055804 0.044643