0 0.409598 0.943080 0.015625 0.109375
0 0.415179 0.879464 0.022321 0.017857
0 0.425223 0.837054 0.020089 0.058036
0 0.422991 0.785714 0.015625 0.040179
0 0.947545 0.756696 0.020089 0.089286
0 0.438616 0.733259 0.029018 0.060268
0 0.949777 0.688616 0.011161 0.033482
0 0.814732 0.647321 0.066964 0.044643
0 0.928571 0.627232 0.026786 0.058036
0 0.450893 0.622768 0.031250 0.156250
0 0.795759 0.532366 0.024554 0.095982
0 0.431920 0.500000 0.029018 0.089286
0 0.421875 0.443080 0.017857 0.020089
0 0.794643 0.370536 0.022321 0.138393
0 0.803571 0.279018 0.026786 0.040179
0 0.466518 0.289062 0.066964 0.301339
0 0.484375 0.126116 0.017857 0.024554
0 0.496652 0.056920 0.020089 0.113839