0 0.741071 0.973214 0.035714 0.053571
0 0.674107 0.948661 0.089286 0.022321
0 0.784598 0.916295 0.024554 0.055804
0 0.377232 0.911830 0.017857 0.064732
0 0.767857 0.853795 0.040179 0.064732
0 0.762277 0.790179 0.020089 0.044643
0 0.766741 0.733259 0.011161 0.064732
0 0.378348 0.776786 0.033482 0.187500
0 0.751116 0.623884 0.015625 0.055804
0 0.379464 0.612723 0.017857 0.136161
0 0.752232 0.549107 0.022321 0.044643
0 0.755580 0.500000 0.015625 0.049107
0 0.784598 0.464286 0.046875 0.080357
0 0.376116 0.475446 0.033482 0.129464
0 0.784598 0.410714 0.015625 0.026786
0 0.761161 0.352679 0.031250 0.058036
0 0.370536 0.362723 0.017857 0.087054
0 0.767857 0.311384 0.008929 0.029018
0 0.369420 0.300223 0.015625 0.033482
0 0.777902 0.275670 0.029018 0.037946
0 0.378348 0.233259 0.020089 0.095982
0 0.716518 0.216518 0.133929 0.098214
0 0.775670 0.145089 0.020089 0.040179