0 0.804688 0.976562 0.020089 0.046875
0 0.840402 0.935268 0.060268 0.040179
0 0.381696 0.900670 0.049107 0.127232
0 0.399554 0.804688 0.017857 0.046875
0 0.396205 0.717634 0.037946 0.122768
0 0.381696 0.589286 0.017857 0.129464
0 0.371652 0.511161 0.015625 0.031250
0 0.386161 0.474330 0.040179 0.037946
0 0.396205 0.424107 0.037946 0.071429
0 0.362723 0.371652 0.015625 0.020089
0 0.359375 0.341518 0.017857 0.035714
0 0.373884 0.300223 0.011161 0.046875
0 0.367188 0.267857 0.015625 0.026786
0 0.401786 0.217634 0.026786 0.024554
0 0.426339 0.176339 0.026786 0.053571
0 0.450893 0.102679 0.098214 0.084821