0 0.457589 0.982143 0.044643 0.035714
0 0.843750 0.967634 0.031250 0.046875
0 0.437500 0.944196 0.044643 0.062500
0 0.802455 0.882812 0.064732 0.118304
0 0.755580 0.841518 0.033482 0.035714
0 0.829241 0.810268 0.033482 0.022321
0 0.411830 0.834821 0.024554 0.084821
0 0.422991 0.765625 0.011161 0.044643
0 0.811384 0.737723 0.024554 0.118304
0 0.398438 0.702009 0.055804 0.078125
0 0.772321 0.656250 0.080357 0.044643
0 0.370536 0.635045 0.062500 0.055804
0 0.388393 0.570312 0.049107 0.073661
0 0.449777 0.515625 0.037946 0.008929
0 0.415179 0.531250 0.017857 0.040179
0 0.647321 0.507812 0.022321 0.020089
0 0.844866 0.561384 0.082589 0.140625
0 0.589286 0.466518 0.017857 0.013393
0 0.476562 0.468750 0.069196 0.084821
0 0.545759 0.435268 0.069196 0.058036
0 0.497768 0.396205 0.017857 0.020089
0 0.444196 0.370536 0.040179 0.022321
0 0.406250 0.357143 0.031250 0.017857
0 0.937500 0.370536 0.031250 0.093750
0 0.906250 0.264509 0.017857 0.020089
0 0.889509 0.216518 0.020089 0.035714
0 0.805804 0.127232 0.022321 0.022321
0 0.784598 0.077009 0.042411 0.078125