0 0.824777 0.986607 0.015625 0.026786
0 0.811384 0.934152 0.037946 0.078125
0 0.786830 0.887277 0.015625 0.020089
0 0.417411 0.851562 0.022321 0.069196
0 0.405134 0.765625 0.029018 0.071429
0 0.414062 0.713170 0.024554 0.051339
0 0.950893 0.686384 0.049107 0.024554
0 0.983259 0.612723 0.020089 0.037946
0 0.960938 0.579241 0.037946 0.029018
0 0.424107 0.590402 0.044643 0.189732
0 0.918527 0.506696 0.015625 0.058036
0 0.873884 0.458705 0.037946 0.029018
0 0.428571 0.438616 0.040179 0.109375
0 0.433036 0.361607 0.017857 0.071429
0 0.429688 0.314732 0.020089 0.022321
0 0.957589 0.328125 0.022321 0.098214
0 0.960938 0.226562 0.015625 0.029018
0 0.940848 0.200893 0.024554 0.026786
0 0.454241 0.236607 0.037946 0.129464
0 0.912946 0.167411 0.040179 0.035714
0 0.805804 0.161830 0.026786 0.051339
0 0.800223 0.117188 0.011161 0.033482
0 0.445312 0.128348 0.042411 0.087054
0 0.808036 0.059152 0.022321 0.078125
0 0.462054 0.044643 0.053571 0.066964