0 0.070312 0.989955 0.042411 0.020089
0 0.140625 0.946429 0.062500 0.035714
0 0.082589 0.929688 0.165179 0.055804
0 0.306920 0.871652 0.069196 0.011161
0 0.776786 0.868304 0.446429 0.044643
0 0.254464 0.880580 0.133929 0.073661
0 0.496652 0.690848 0.131696 0.122768
0 0.353795 0.612723 0.127232 0.069196
0 0.648438 0.587054 0.171875 0.098214
0 0.236607 0.542411 0.125000 0.084821
0 0.834821 0.508929 0.133929 0.040179
0 0.686384 0.489955 0.158482 0.060268
0 0.284598 0.447545 0.390625 0.091518
0 0.578125 0.400670 0.066964 0.100446