0 0.406250 0.909598 0.049107 0.180804
0 0.408482 0.797991 0.017857 0.037946
0 0.425223 0.760045 0.029018 0.033482
0 0.378348 0.681920 0.011161 0.029018
0 0.515625 0.664062 0.031250 0.024554
0 0.387277 0.649554 0.011161 0.031250
0 0.454241 0.679688 0.037946 0.127232
0 0.511161 0.600446 0.022321 0.040179
0 0.475446 0.583705 0.031250 0.060268
0 0.450893 0.537946 0.031250 0.031250
0 0.533482 0.543527 0.031250 0.064732
0 0.377232 0.563616 0.058036 0.104911
0 0.427455 0.486607 0.024554 0.089286
0 0.463170 0.411830 0.055804 0.051339
0 0.473214 0.291295 0.031250 0.167411
0 0.444196 0.130580 0.049107 0.136161
0 0.409598 0.052455 0.015625 0.011161