0 0.328125 0.908482 0.040179 0.013393
0 0.812500 0.938616 0.071429 0.082589
0 0.422991 0.904018 0.046875 0.017857
0 0.356027 0.889509 0.024554 0.020089
0 0.265625 0.907366 0.049107 0.073661
0 0.381696 0.872768 0.035714 0.049107
0 0.753348 0.806920 0.073661 0.060268
0 0.702009 0.758929 0.037946 0.035714
0 0.522321 0.732143 0.178571 0.035714
0 0.318080 0.760045 0.055804 0.100446
0 0.239955 0.723214 0.064732 0.044643
0 0.664062 0.722098 0.033482 0.051339
0 0.176339 0.683036 0.062500 0.049107
0 0.283482 0.672991 0.044643 0.064732
0 0.270089 0.607143 0.044643 0.026786
0 0.232143 0.571429 0.031250 0.080357
0 0.148438 0.492188 0.162946 0.073661
0 0.039062 0.452009 0.055804 0.042411
0 0.245536 0.275670 0.040179 0.046875
0 0.224330 0.241071 0.011161 0.017857
0 0.188616 0.121652 0.091518 0.216518