0 0.158482 0.966518 0.031250 0.049107
0 0.158482 0.904018 0.053571 0.062500
0 0.012277 0.901786 0.024554 0.062500
0 0.321429 0.906250 0.075893 0.093750
0 0.260045 0.844866 0.024554 0.024554
0 0.031250 0.848214 0.062500 0.044643
0 0.207589 0.851562 0.053571 0.060268
0 0.379464 0.839286 0.044643 0.044643
0 0.066964 0.821429 0.022321 0.013393
0 0.107143 0.803571 0.071429 0.031250
0 0.287946 0.802455 0.022321 0.046875
0 0.433036 0.766741 0.035714 0.064732
0 0.235491 0.758929 0.185268 0.071429
0 0.466518 0.694196 0.017857 0.026786
0 0.366071 0.691964 0.026786 0.031250
0 0.435268 0.613839 0.062500 0.093750
0 0.537946 0.599330 0.116071 0.104911
0 0.488839 0.546875 0.049107 0.044643
0 0.535714 0.495536 0.049107 0.053571
0 0.637277 0.500000 0.082589 0.093750
0 0.604911 0.430804 0.035714 0.053571
0 0.705357 0.416295 0.035714 0.046875
0 0.761161 0.383929 0.022321 0.022321
0 0.751116 0.338170 0.020089 0.020089
0 0.844866 0.306920 0.033482 0.037946
0 0.703125 0.324777 0.138393 0.127232
0 0.797991 0.275670 0.087054 0.095982
0 0.883929 0.183036 0.093750 0.084821
0 0.838170 0.183036 0.078125 0.084821
0 0.887277 0.125000 0.015625 0.026786
0 0.989955 0.098214 0.020089 0.022321
0 0.957589 0.110491 0.058036 0.064732
0 0.915179 0.092634 0.040179 0.037946
0 0.993304 0.020089 0.013393 0.022321