0 0.426339 0.979911 0.017857 0.026786
0 0.464286 0.930804 0.049107 0.026786
0 0.386161 0.880580 0.093750 0.127232
0 0.360491 0.792411 0.011161 0.040179
0 0.364955 0.732143 0.033482 0.049107
0 0.385045 0.667411 0.015625 0.035714
0 0.387277 0.610491 0.011161 0.046875
0 0.623884 0.564732 0.078125 0.022321
0 0.558036 0.550223 0.049107 0.011161
0 0.415179 0.559152 0.071429 0.037946
0 0.679688 0.547991 0.042411 0.042411
0 0.504464 0.532366 0.058036 0.037946
0 0.460938 0.493304 0.042411 0.035714
0 0.891741 0.474330 0.042411 0.011161
0 0.821429 0.458705 0.075893 0.020089
0 0.435268 0.458705 0.017857 0.029018
0 0.985491 0.150670 0.015625 0.029018
0 0.970982 0.117188 0.022321 0.033482