0 0.467634 0.965402 0.037946 0.064732
0 0.448661 0.783482 0.035714 0.299107
0 0.454241 0.612723 0.029018 0.037946
0 0.463170 0.579241 0.015625 0.029018
0 0.545759 0.547991 0.024554 0.020089
0 0.687500 0.535714 0.035714 0.022321
0 0.455357 0.530134 0.022321 0.033482
0 0.611607 0.529018 0.116071 0.066964
0 0.440848 0.460938 0.033482 0.100446
0 0.444196 0.385045 0.026786 0.046875
0 0.418527 0.358259 0.020089 0.015625
0 0.405134 0.329241 0.029018 0.042411
0 0.388393 0.282366 0.017857 0.051339
0 0.418527 0.178571 0.051339 0.156250
0 0.444196 0.050223 0.022321 0.095982