0 0.015625 0.533482 0.031250 0.008929
0 0.066964 0.537946 0.053571 0.022321
0 0.738839 0.522321 0.107143 0.008929
0 0.848214 0.518973 0.026786 0.006696
0 0.662946 0.518973 0.040179 0.011161
0 0.933036 0.502232 0.022321 0.013393
0 0.061384 0.513393 0.055804 0.035714
0 0.558036 0.489955 0.107143 0.046875
0 0.040179 0.467634 0.040179 0.015625
0 0.475446 0.463170 0.062500 0.029018
0 0.351562 0.440848 0.029018 0.006696
0 0.313616 0.436384 0.037946 0.011161
0 0.399554 0.435268 0.026786 0.013393
0 0.359375 0.428571 0.040179 0.008929
0 0.229911 0.436384 0.089286 0.024554
0 0.158482 0.428571 0.053571 0.013393
0 0.099330 0.438616 0.042411 0.046875
0 0.043527 0.427455 0.046875 0.029018
0 0.073661 0.399554 0.022321 0.026786