0 0.458705 0.912946 0.046875 0.165179
0 0.447545 0.766741 0.064732 0.113839
0 0.450893 0.713170 0.008929 0.020089
0 0.386161 0.680804 0.040179 0.031250
0 0.396205 0.645089 0.069196 0.058036
0 0.339286 0.532366 0.022321 0.109375
0 0.381696 0.357143 0.044643 0.156250
0 0.418527 0.256696 0.033482 0.044643
0 0.559152 0.260045 0.037946 0.064732
0 0.443080 0.204241 0.037946 0.055804
0 0.574777 0.191964 0.024554 0.053571
0 0.610491 0.177455 0.104911 0.078125
0 0.473214 0.161830 0.022321 0.046875
0 0.526786 0.108259 0.040179 0.051339
0 0.547991 0.046875 0.015625 0.093750
0 0.525670 0.035714 0.024554 0.071429