0 0.369420 0.301339 0.064732 0.022321
0 0.623884 0.290179 0.127232 0.022321
0 0.456473 0.292411 0.095982 0.026786
0 0.753348 0.282366 0.033482 0.011161
0 0.713170 0.281250 0.046875 0.013393
0 0.149554 0.258929 0.089286 0.031250
0 0.535714 0.262277 0.049107 0.060268
0 0.047991 0.236607 0.087054 0.017857
0 0.679688 0.227679 0.140625 0.040179
0 0.878348 0.256696 0.243304 0.111607
0 0.539062 0.209821 0.046875 0.017857
0 0.571429 0.195312 0.017857 0.020089
0 0.349330 0.183036 0.042411 0.017857
0 0.303571 0.178571 0.040179 0.017857
0 0.452009 0.176339 0.113839 0.058036
0 0.271205 0.146205 0.078125 0.015625
0 0.174107 0.119420 0.111607 0.046875
0 0.095982 0.090402 0.040179 0.015625