0 0.135045 0.678571 0.270089 0.080357
0 0.348214 0.626116 0.102679 0.020089
0 0.464286 0.601562 0.093750 0.015625
0 0.563616 0.593750 0.100446 0.013393
0 0.392857 0.593750 0.044643 0.013393
0 0.813616 0.597098 0.136161 0.037946
0 0.091518 0.602679 0.183036 0.075893
0 0.660714 0.575893 0.089286 0.031250
0 0.299107 0.559152 0.066964 0.015625
0 0.750000 0.553571 0.026786 0.008929
0 0.950893 0.560268 0.098214 0.026786
0 0.408482 0.559152 0.107143 0.033482
0 0.487723 0.536830 0.015625 0.011161
0 0.513393 0.496652 0.049107 0.024554
0 0.970982 0.469866 0.058036 0.020089
0 0.180804 0.506696 0.361607 0.102679
0 0.695312 0.482143 0.310268 0.062500