0 0.981027 0.379464 0.037946 0.022321
0 0.947545 0.363839 0.024554 0.022321
0 0.858259 0.349330 0.167411 0.024554
0 0.757812 0.342634 0.033482 0.020089
0 0.695312 0.308036 0.091518 0.049107
0 0.514509 0.283482 0.060268 0.017857
0 0.149554 0.242188 0.049107 0.024554
0 0.186384 0.238839 0.020089 0.022321
0 0.074777 0.224330 0.095982 0.037946
0 0.560268 0.223214 0.196429 0.111607
0 0.264509 0.184152 0.082589 0.037946
0 0.534598 0.169643 0.020089 0.031250
0 0.100446 0.168527 0.066964 0.033482
0 0.489955 0.152902 0.064732 0.015625
0 0.397321 0.149554 0.147321 0.026786
0 0.150670 0.154018 0.082589 0.040179
0 0.203125 0.140625 0.031250 0.017857
0 0.062500 0.129464 0.044643 0.017857