0 0.973214 0.448661 0.053571 0.022321
0 0.698661 0.443080 0.040179 0.011161
0 0.926339 0.446429 0.035714 0.022321
0 0.876116 0.440848 0.033482 0.015625
0 0.609375 0.428571 0.053571 0.017857
0 0.553571 0.412946 0.066964 0.022321
0 0.504464 0.409598 0.026786 0.015625
0 0.658482 0.406250 0.031250 0.013393
0 0.243304 0.364955 0.044643 0.011161
0 0.473214 0.380580 0.111607 0.051339
0 0.196429 0.362723 0.049107 0.015625
0 0.321429 0.362723 0.044643 0.020089
0 0.282366 0.354911 0.029018 0.008929
0 0.525670 0.338170 0.055804 0.020089
0 0.479911 0.328125 0.040179 0.022321
0 0.216518 0.315848 0.075893 0.015625
0 0.146205 0.305804 0.060268 0.013393
0 0.386161 0.304688 0.084821 0.015625
0 0.056920 0.303571 0.113839 0.017857