0 0.392857 0.943080 0.040179 0.113839
0 0.357143 0.834821 0.026786 0.071429
0 0.370536 0.739955 0.022321 0.100446
0 0.382812 0.647321 0.051339 0.044643
0 0.421875 0.578125 0.031250 0.089286
0 0.439732 0.506696 0.013393 0.058036
0 0.438616 0.430804 0.109375 0.089286
0 0.380580 0.378348 0.015625 0.015625
0 0.522321 0.380580 0.044643 0.029018
0 0.575893 0.347098 0.066964 0.033482
0 0.626116 0.290179 0.037946 0.071429
0 0.654018 0.225446 0.026786 0.066964
0 0.559152 0.191964 0.037946 0.049107
0 0.725446 0.155134 0.142857 0.033482
0 0.638393 0.141741 0.035714 0.029018
0 0.829241 0.074777 0.069196 0.122768
0 0.491071 0.007812 0.017857 0.015625
0 0.434152 0.013393 0.011161 0.026786