0 0.021205 0.745536 0.042411 0.026786
0 0.087054 0.706473 0.084821 0.060268
0 0.184152 0.635045 0.095982 0.055804
0 0.260045 0.613839 0.042411 0.022321
0 0.435268 0.607143 0.058036 0.017857
0 0.293527 0.606027 0.024554 0.015625
0 0.507812 0.591518 0.082589 0.035714
0 0.357143 0.587054 0.093750 0.026786
0 0.581473 0.570312 0.042411 0.015625
0 0.622768 0.559152 0.049107 0.015625
0 0.684152 0.554688 0.046875 0.011161
0 0.965402 0.273438 0.051339 0.069196
0 0.928571 0.220982 0.013393 0.026786
0 0.898438 0.183036 0.046875 0.049107
0 0.883929 0.090402 0.022321 0.136161