0 0.462054 0.957589 0.031250 0.084821
0 0.460938 0.847098 0.020089 0.046875
0 0.457589 0.761161 0.017857 0.062500
0 0.472098 0.670759 0.037946 0.122768
0 0.463170 0.588170 0.011161 0.037946
0 0.470982 0.529018 0.022321 0.084821
0 0.494420 0.467634 0.051339 0.087054
0 0.466518 0.387277 0.013393 0.064732
0 0.464286 0.338170 0.013393 0.033482
0 0.468750 0.294643 0.017857 0.031250
0 0.453125 0.232143 0.026786 0.062500
0 0.456473 0.174107 0.024554 0.049107
0 0.463170 0.131696 0.011161 0.031250
0 0.458705 0.090402 0.020089 0.033482