0 0.427455 0.964286 0.024554 0.031250
0 0.805804 0.965402 0.008929 0.042411
0 0.462054 0.966518 0.062500 0.066964
0 0.829241 0.927455 0.033482 0.020089
0 0.975446 0.869420 0.049107 0.020089
0 0.429688 0.829241 0.051339 0.238839
0 0.392857 0.686384 0.026786 0.046875
0 0.527902 0.525670 0.024554 0.020089
0 0.589286 0.496652 0.089286 0.042411
0 0.389509 0.530134 0.082589 0.261161
0 0.672991 0.316964 0.024554 0.031250
0 0.671875 0.277902 0.017857 0.064732
0 0.652902 0.122768 0.020089 0.049107
0 0.657366 0.060268 0.020089 0.071429