0 0.564732 0.985491 0.013393 0.020089
0 0.564732 0.939732 0.026786 0.066964
0 0.545759 0.885045 0.020089 0.042411
0 0.643973 0.728795 0.020089 0.069196
0 0.648438 0.672991 0.033482 0.042411
0 0.631696 0.590402 0.022321 0.091518
0 0.630580 0.494420 0.020089 0.104911
0 0.617188 0.417411 0.015625 0.026786
0 0.623884 0.342634 0.011161 0.087054
0 0.619420 0.279018 0.011161 0.035714
0 0.626116 0.239955 0.011161 0.037946
0 0.617188 0.185268 0.015625 0.066964
0 0.619420 0.136161 0.011161 0.040179
0 0.616071 0.078125 0.022321 0.071429
0 0.617188 0.021205 0.020089 0.042411