0 0.492188 0.982143 0.015625 0.035714
0 0.805804 0.954241 0.071429 0.082589
0 0.468750 0.920759 0.022321 0.015625
0 0.742188 0.897321 0.042411 0.120536
0 0.482143 0.868304 0.040179 0.066964
0 0.446429 0.814732 0.026786 0.049107
0 0.540179 0.804688 0.031250 0.069196
0 0.540179 0.681920 0.044643 0.176339
0 0.783482 0.617188 0.022321 0.069196
0 0.765625 0.573661 0.013393 0.031250
0 0.652902 0.536830 0.024554 0.011161
0 0.514509 0.559152 0.046875 0.064732
0 0.603795 0.532366 0.069196 0.020089
0 0.546875 0.502232 0.049107 0.044643
0 0.534598 0.427455 0.020089 0.051339
0 0.546875 0.330357 0.022321 0.071429
0 0.550223 0.253348 0.015625 0.078125
0 0.566964 0.183036 0.013393 0.053571
0 0.571429 0.123884 0.066964 0.055804
0 0.527902 0.042411 0.033482 0.080357