0 0.491071 0.963170 0.098214 0.073661
0 0.329241 0.940848 0.046875 0.113839
0 0.334821 0.844866 0.026786 0.073661
0 0.341518 0.750000 0.035714 0.111607
0 0.409598 0.713170 0.033482 0.051339
0 0.381696 0.664062 0.053571 0.055804
0 0.534598 0.622768 0.029018 0.017857
0 0.553571 0.607143 0.026786 0.017857
0 0.545759 0.563616 0.073661 0.051339
0 0.443080 0.577009 0.109375 0.118304
0 0.358259 0.569196 0.042411 0.151786
0 0.588170 0.503348 0.033482 0.046875
0 0.614955 0.444196 0.042411 0.066964
0 0.354911 0.379464 0.053571 0.053571
0 0.635045 0.361607 0.029018 0.044643
0 0.666295 0.332589 0.033482 0.044643
0 0.610491 0.263393 0.029018 0.066964
0 0.345982 0.274554 0.049107 0.151786
0 0.574777 0.176339 0.082589 0.058036
0 0.510045 0.150670 0.051339 0.042411
0 0.484375 0.095982 0.008929 0.049107
0 0.835938 0.100446 0.037946 0.107143
0 0.486607 0.053571 0.022321 0.031250
0 0.851562 0.022321 0.024554 0.044643
0 0.482143 0.008929 0.026786 0.017857