0 0.968750 0.859375 0.062500 0.017857
0 0.897321 0.856027 0.058036 0.033482
0 0.862723 0.824777 0.042411 0.015625
0 0.410714 0.529018 0.022321 0.017857
0 0.512277 0.497768 0.180804 0.089286
0 0.658482 0.395089 0.125000 0.111607
0 0.727679 0.320312 0.017857 0.037946
0 0.707589 0.305804 0.013393 0.022321
0 0.678571 0.260045 0.013393 0.024554
0 0.612723 0.219866 0.020089 0.020089
0 0.604911 0.187500 0.013393 0.022321
0 0.503348 0.180804 0.064732 0.008929
0 0.690848 0.155134 0.064732 0.015625
0 0.643973 0.143973 0.029018 0.015625
0 0.617188 0.117188 0.024554 0.037946
0 0.762277 0.118304 0.073661 0.071429
0 0.613839 0.078125 0.013393 0.022321
0 0.601562 0.058036 0.015625 0.022321
0 0.559152 0.059152 0.024554 0.024554
0 0.833705 0.060268 0.073661 0.053571