0 0.322545 0.993304 0.011161 0.013393
0 0.304688 0.943080 0.042411 0.087054
0 0.299107 0.886161 0.013393 0.040179
0 0.417411 0.925223 0.026786 0.140625
0 0.401786 0.804688 0.040179 0.100446
0 0.309152 0.742188 0.037946 0.238839
0 0.361607 0.660714 0.053571 0.183036
0 0.247768 0.531250 0.008929 0.053571
0 0.373884 0.501116 0.095982 0.131696
0 0.331473 0.418527 0.015625 0.029018
0 0.295759 0.421875 0.100446 0.160714
0 0.311384 0.306920 0.011161 0.046875
0 0.314732 0.225446 0.017857 0.111607
0 0.320312 0.148438 0.015625 0.037946
0 0.371652 0.090402 0.064732 0.091518
0 0.392857 0.027902 0.022321 0.029018
0 0.315848 0.063616 0.024554 0.127232