0 0.628348 0.968750 0.037946 0.062500
0 0.555804 0.910714 0.031250 0.044643
0 0.588170 0.869420 0.015625 0.020089
0 0.599330 0.845982 0.020089 0.031250
0 0.513393 0.779018 0.129464 0.165179
0 0.470982 0.656250 0.013393 0.062500
0 0.456473 0.609375 0.024554 0.017857
0 0.488839 0.601562 0.017857 0.046875
0 0.435268 0.555804 0.022321 0.089286
0 0.462054 0.465402 0.013393 0.046875
0 0.454241 0.418527 0.029018 0.042411
0 0.466518 0.389509 0.035714 0.020089
0 0.532366 0.315848 0.024554 0.037946
0 0.351562 0.265625 0.006696 0.040179
0 0.436384 0.303571 0.100446 0.147321
0 0.348214 0.235491 0.008929 0.020089
0 0.419643 0.231027 0.062500 0.051339
0 0.352679 0.181920 0.008929 0.046875
0 0.360491 0.113839 0.020089 0.053571
0 0.371652 0.052455 0.020089 0.078125