0 0.811384 0.989955 0.015625 0.020089
0 0.801339 0.934152 0.017857 0.064732
0 0.795759 0.880580 0.024554 0.015625
0 0.771205 0.864955 0.020089 0.020089
0 0.713170 0.818080 0.095982 0.082589
0 0.665179 0.748884 0.017857 0.042411
0 0.657366 0.658482 0.024554 0.093750
0 0.681920 0.530134 0.015625 0.069196
0 0.681920 0.477679 0.015625 0.031250
0 0.684152 0.412946 0.051339 0.093750
0 0.385045 0.356027 0.015625 0.020089
0 0.666295 0.349330 0.015625 0.029018
0 0.386161 0.327009 0.017857 0.033482
0 0.658482 0.322545 0.013393 0.042411
0 0.402902 0.285714 0.015625 0.044643
0 0.672991 0.243304 0.024554 0.111607
0 0.386161 0.159598 0.026786 0.046875
0 0.665179 0.100446 0.017857 0.035714
0 0.667411 0.046875 0.017857 0.062500