0 0.717634 0.974330 0.037946 0.051339
0 0.172991 0.852679 0.033482 0.169643
0 0.218750 0.754464 0.107143 0.022321
0 0.739955 0.768973 0.020089 0.078125
0 0.765625 0.662946 0.031250 0.026786
0 0.149554 0.689732 0.058036 0.084821
0 0.174107 0.613839 0.022321 0.084821
0 0.724330 0.575893 0.046875 0.098214
0 0.742188 0.447545 0.069196 0.100446
0 0.790179 0.380580 0.022321 0.033482
0 0.156250 0.450893 0.071429 0.236607
0 0.785714 0.341518 0.017857 0.053571
0 0.131696 0.305804 0.017857 0.049107
0 0.781250 0.276786 0.040179 0.071429
0 0.149554 0.197545 0.013393 0.029018
0 0.739955 0.178571 0.060268 0.093750
0 0.741071 0.114955 0.013393 0.037946