0 0.525670 0.992188 0.051339 0.015625
0 0.579241 0.793527 0.015625 0.033482
0 0.562500 0.880580 0.058036 0.238839
0 0.561384 0.741071 0.029018 0.044643
0 0.604911 0.723214 0.049107 0.022321
0 0.696429 0.715402 0.102679 0.020089
0 0.814732 0.696429 0.062500 0.017857
0 0.551339 0.637277 0.035714 0.069196
0 0.560268 0.589286 0.008929 0.026786
0 0.550223 0.551339 0.020089 0.049107
0 0.527902 0.479911 0.033482 0.071429
0 0.510045 0.390625 0.033482 0.102679
0 0.494420 0.312500 0.033482 0.044643
0 0.472098 0.268973 0.015625 0.046875
0 0.568080 0.207589 0.020089 0.022321
0 0.517857 0.172991 0.075893 0.118304