0 0.344866 0.952009 0.051339 0.095982
0 0.255580 0.816964 0.051339 0.107143
0 0.274554 0.735491 0.017857 0.055804
0 0.296875 0.670759 0.058036 0.069196
0 0.483259 0.680804 0.095982 0.102679
0 0.316964 0.617188 0.022321 0.033482
0 0.284598 0.556920 0.051339 0.087054
0 0.947545 0.531250 0.104911 0.044643
0 0.881696 0.511161 0.026786 0.008929
0 0.412946 0.417411 0.075893 0.058036
0 0.815848 0.412946 0.100446 0.080357
0 0.275670 0.430804 0.060268 0.160714
0 0.359375 0.377232 0.049107 0.058036
0 0.782366 0.333705 0.046875 0.029018
0 0.732143 0.308036 0.049107 0.031250
0 0.517857 0.281250 0.183036 0.017857
0 0.327009 0.292411 0.051339 0.053571
0 0.680804 0.273438 0.053571 0.046875
0 0.220982 0.280134 0.133929 0.091518
0 0.181920 0.184152 0.252232 0.171875
0 0.031250 0.092634 0.049107 0.024554