0 0.396205 0.954241 0.037946 0.091518
0 0.405134 0.892857 0.020089 0.026786
0 0.347098 0.690848 0.020089 0.011161
0 0.386161 0.764509 0.058036 0.225446
0 0.380580 0.633929 0.024554 0.035714
0 0.375000 0.555804 0.044643 0.066964
0 0.334821 0.529018 0.031250 0.035714
0 0.367188 0.487723 0.037946 0.015625
0 0.737723 0.443080 0.078125 0.029018
0 0.508929 0.422991 0.102679 0.064732
0 0.350446 0.389509 0.017857 0.082589
0 0.628348 0.373884 0.051339 0.055804
0 0.762277 0.344866 0.029018 0.073661
0 0.648438 0.322545 0.011161 0.042411
0 0.718750 0.287946 0.071429 0.035714
0 0.340402 0.308036 0.020089 0.084821
0 0.652902 0.281250 0.020089 0.035714
0 0.631696 0.241071 0.013393 0.031250
0 0.380580 0.241071 0.024554 0.031250
0 0.409598 0.232143 0.015625 0.049107
0 0.424107 0.194196 0.017857 0.031250
0 0.373884 0.169643 0.024554 0.089286
0 0.338170 0.090402 0.015625 0.042411