0 0.147321 0.973214 0.138393 0.053571
0 0.453125 0.897321 0.053571 0.031250
0 0.344866 0.895089 0.073661 0.040179
0 0.506696 0.864955 0.053571 0.037946
0 0.222098 0.858259 0.037946 0.024554
0 0.668527 0.823661 0.037946 0.040179
0 0.713170 0.784598 0.015625 0.020089
0 0.622768 0.782366 0.084821 0.060268
0 0.481027 0.732143 0.037946 0.013393
0 0.714286 0.737723 0.049107 0.033482
0 0.529018 0.699777 0.058036 0.055804
0 0.876116 0.656250 0.095982 0.053571
0 0.599330 0.642857 0.064732 0.040179
0 0.649554 0.612723 0.031250 0.024554
0 0.876116 0.564732 0.011161 0.022321
0 0.698661 0.572545 0.062500 0.042411
0 0.842634 0.629464 0.198661 0.169643
0 0.814732 0.560268 0.075893 0.031250
0 0.911830 0.529018 0.046875 0.026786
0 0.719866 0.529018 0.055804 0.040179
0 0.958705 0.504464 0.042411 0.026786
0 0.811384 0.458705 0.011161 0.020089
0 0.864955 0.420759 0.024554 0.015625
0 0.970982 0.382812 0.058036 0.015625