0 0.753348 0.955357 0.015625 0.044643
0 0.967634 0.917411 0.064732 0.075893
0 0.764509 0.892857 0.015625 0.075893
0 0.782366 0.815848 0.024554 0.073661
0 0.659598 0.560268 0.011161 0.022321
0 0.877232 0.631696 0.245536 0.205357
0 0.772321 0.505580 0.022321 0.042411
0 0.772321 0.453125 0.031250 0.026786
0 0.669643 0.467634 0.013393 0.069196
0 0.669643 0.386161 0.013393 0.017857
0 0.671875 0.324777 0.017857 0.100446
0 0.668527 0.222098 0.011161 0.042411
0 0.680804 0.183036 0.022321 0.031250
0 0.685268 0.145089 0.017857 0.044643
0 0.720982 0.064732 0.058036 0.062500
0 0.706473 0.015625 0.006696 0.031250