0 0.352679 0.960938 0.160714 0.046875
0 0.703125 0.931920 0.151786 0.029018
0 0.482143 0.929688 0.084821 0.024554
0 0.199777 0.958705 0.225446 0.082589
0 0.819196 0.910714 0.075893 0.022321
0 0.860491 0.878348 0.109375 0.015625
0 0.783482 0.878348 0.035714 0.015625
0 0.440848 0.891741 0.292411 0.042411
0 0.671875 0.860491 0.049107 0.011161
0 0.849330 0.830357 0.100446 0.026786
0 0.500000 0.804688 0.031250 0.015625
0 0.760045 0.808036 0.078125 0.035714
0 0.680804 0.787946 0.084821 0.017857
0 0.571429 0.774554 0.044643 0.004464