0 0.607143 0.940848 0.026786 0.033482
0 0.324777 0.949777 0.029018 0.095982
0 0.526786 0.893973 0.142857 0.069196
0 0.332589 0.861607 0.031250 0.040179
0 0.370536 0.852679 0.044643 0.031250
0 0.678571 0.776786 0.049107 0.031250
0 0.727679 0.707589 0.017857 0.044643
0 0.320312 0.650670 0.042411 0.033482
0 0.762277 0.642857 0.037946 0.062500
0 0.367188 0.681920 0.060268 0.216518
0 0.358259 0.529018 0.020089 0.084821
0 0.373884 0.431920 0.020089 0.073661
0 0.375000 0.366071 0.022321 0.058036
0 0.383929 0.296875 0.026786 0.075893
0 0.409598 0.155134 0.024554 0.176339
0 0.404018 0.056920 0.013393 0.015625
0 0.399554 0.014509 0.022321 0.029018