0 0.436384 0.953125 0.024554 0.071429
0 0.323661 0.950893 0.040179 0.075893
0 0.322545 0.886161 0.011161 0.031250
0 0.445312 0.882812 0.024554 0.029018
0 0.449777 0.851562 0.006696 0.029018
0 0.452009 0.815848 0.011161 0.037946
0 0.311384 0.829241 0.015625 0.069196
0 0.457589 0.751116 0.013393 0.037946
0 0.318080 0.756696 0.024554 0.075893
0 0.319196 0.690848 0.026786 0.046875
0 0.314732 0.646205 0.008929 0.024554
0 0.447545 0.654018 0.024554 0.111607
0 0.310268 0.613839 0.013393 0.035714
0 0.458705 0.577009 0.011161 0.037946
0 0.459821 0.540179 0.017857 0.031250
0 0.445312 0.501116 0.024554 0.042411
0 0.392857 0.369420 0.044643 0.162946
0 0.302455 0.407366 0.051339 0.372768
0 0.263393 0.184152 0.040179 0.069196
0 0.272321 0.126116 0.013393 0.046875
0 0.274554 0.051339 0.017857 0.040179