0 0.559152 0.803571 0.006696 0.107143
0 0.189732 0.751116 0.017857 0.011161
0 0.106027 0.746652 0.073661 0.011161
0 0.555804 0.720982 0.008929 0.022321
0 0.601562 0.369420 0.024554 0.011161
0 0.868304 0.356027 0.022321 0.011161
0 0.969866 0.187500 0.006696 0.017857
0 0.523438 0.080357 0.006696 0.017857
0 0.547991 0.976562 0.011161 0.020089
0 0.555804 0.888393 0.008929 0.017857
0 0.227679 0.753348 0.017857 0.006696
0 0.558036 0.805804 0.008929 0.116071
0 0.109375 0.743304 0.071429 0.004464
0 0.626116 0.366071 0.037946 0.004464
0 0.966518 0.305804 0.008929 0.035714
0 0.963170 0.073661 0.006696 0.147321