0 0.013393 0.625000 0.013393 0.040179
0 0.008929 0.956473 0.008929 0.020089
0 0.007812 0.776786 0.006696 0.017857
0 0.939732 0.372768 0.093750 0.008929
0 0.834821 0.368304 0.049107 0.008929
0 0.290179 0.332589 0.102679 0.008929
0 0.148438 0.329241 0.006696 0.020089
0 0.005580 0.993304 0.011161 0.013393
0 0.003348 0.736607 0.006696 0.035714
0 0.066964 0.477679 0.008929 0.022321
0 0.837054 0.369420 0.040179 0.006696
0 0.726562 0.351562 0.020089 0.011161
0 0.598214 0.340402 0.093750 0.006696
0 0.296875 0.333705 0.098214 0.006696
0 0.146205 0.333705 0.011161 0.051339
0 0.108259 0.190848 0.011161 0.020089