0 0.508929 0.929688 0.022321 0.006696
0 0.245536 0.119420 0.004464 0.051339
0 0.235491 0.046875 0.011161 0.062500
0 0.190848 0.931920 0.087054 0.006696
0 0.110491 0.930804 0.037946 0.004464
0 0.449777 0.928571 0.069196 0.008929
0 0.297991 0.927455 0.055804 0.006696
0 0.037946 0.928571 0.075893 0.008929
0 0.212054 0.535714 0.026786 0.008929
0 0.131696 0.464286 0.026786 0.008929
0 0.928571 0.120536 0.008929 0.053571
0 0.239955 0.121652 0.006696 0.055804
0 0.235491 0.064732 0.006696 0.017857
0 0.232143 0.037946 0.004464 0.031250
0 0.943080 0.008929 0.006696 0.017857