0 0.964286 0.988839 0.035714 0.008929
0 0.573661 0.988839 0.102679 0.008929
0 0.680804 0.989955 0.075893 0.006696
0 0.460938 0.989955 0.020089 0.006696
0 0.303571 0.989955 0.071429 0.006696
0 0.157366 0.989955 0.042411 0.006696
0 0.832589 0.987723 0.053571 0.006696
0 0.178571 0.643973 0.008929 0.037946
0 0.753348 0.617188 0.033482 0.006696
0 0.180804 0.555804 0.008929 0.035714
0 0.178571 0.506696 0.008929 0.035714
0 0.399554 0.242188 0.008929 0.020089
0 0.782366 0.226562 0.006696 0.020089
0 0.387277 0.172991 0.011161 0.020089