0 0.327009 0.041295 0.033482 0.020089
0 0.407366 0.939732 0.015625 0.013393
0 0.350446 0.565848 0.008929 0.020089
0 0.402902 0.757812 0.015625 0.020089
0 0.367188 0.680804 0.020089 0.031250
0 0.347098 0.553571 0.015625 0.026786
0 0.349330 0.515625 0.020089 0.035714
0 0.344866 0.422991 0.024554 0.015625
0 0.367188 0.369420 0.011161 0.020089
0 0.369420 0.323661 0.015625 0.031250
0 0.864955 0.277902 0.020089 0.011161
0 0.911830 0.261161 0.033482 0.013393
0 0.386161 0.179688 0.013393 0.033482
0 0.402902 0.126116 0.015625 0.029018
0 0.175223 0.064732 0.122768 0.022321
0 0.396205 0.027902 0.033482 0.011161
0 0.438616 0.008929 0.046875 0.017857