0 0.260045 0.217634 0.024554 0.020089
0 0.265625 0.217634 0.013393 0.015625
0 0.023438 0.185268 0.020089 0.008929
0 0.909598 0.314732 0.020089 0.008929
0 0.866071 0.295759 0.026786 0.011161
0 0.386161 0.261161 0.013393 0.013393
0 0.631696 0.252232 0.022321 0.017857
0 0.573661 0.251116 0.026786 0.015625
0 0.188616 0.208705 0.020089 0.015625
0 0.010045 0.179688 0.020089 0.020089
0 0.993304 0.300223 0.013393 0.015625
0 0.770089 0.258929 0.031250 0.004464
0 0.466518 0.263393 0.147321 0.017857
0 0.697545 0.262277 0.064732 0.020089
0 0.128348 0.188616 0.037946 0.020089
0 0.072545 0.171875 0.029018 0.013393