0 0.043527 0.953125 0.011161 0.022321
0 0.039062 0.966518 0.011161 0.040179
0 0.677455 0.287946 0.006696 0.031250
0 0.637277 0.214286 0.051339 0.017857
0 0.041295 0.125000 0.082589 0.017857
0 0.370536 0.089286 0.017857 0.017857
0 0.046875 0.920759 0.013393 0.020089
0 0.065848 0.840402 0.015625 0.037946
0 0.079241 0.697545 0.015625 0.024554
0 0.127232 0.672991 0.031250 0.015625
0 0.234375 0.582589 0.031250 0.017857
0 0.429688 0.531250 0.064732 0.017857
0 0.565848 0.457589 0.015625 0.013393
0 0.652902 0.368304 0.015625 0.013393
0 0.690848 0.260045 0.015625 0.011161
0 0.706473 0.243304 0.015625 0.017857
0 0.493304 0.116071 0.049107 0.017857
0 0.155134 0.101562 0.011161 0.015625
0 0.885045 0.081473 0.011161 0.011161
0 0.219866 0.082589 0.033482 0.013393
0 0.329241 0.081473 0.020089 0.015625
0 0.938616 0.008929 0.015625 0.017857