0 0.850446 0.589286 0.022321 0.008929
0 0.795759 0.594866 0.051339 0.011161
0 0.619420 0.546875 0.011161 0.013393
0 0.429688 0.535714 0.029018 0.013393
0 0.618304 0.604911 0.013393 0.017857
0 0.669643 0.601562 0.053571 0.015625
0 0.714286 0.582589 0.031250 0.013393
0 0.887277 0.581473 0.020089 0.015625
0 0.984375 0.563616 0.031250 0.015625
0 0.364955 0.529018 0.029018 0.013393
0 0.334821 0.529018 0.026786 0.013393
0 0.556920 0.529018 0.069196 0.017857
0 0.100446 0.456473 0.017857 0.015625
0 0.063616 0.437500 0.015625 0.013393