0 0.237723 0.974330 0.011161 0.020089
0 0.253348 0.588170 0.011161 0.011161
0 0.253348 0.578125 0.015625 0.022321
0 0.225446 0.972098 0.008929 0.020089
0 0.255580 0.636161 0.020089 0.022321
0 0.284598 0.108259 0.011161 0.024554
0 0.239955 0.940848 0.006696 0.015625
0 0.224330 0.820312 0.011161 0.020089
0 0.225446 0.468750 0.013393 0.031250
0 0.223214 0.376116 0.017857 0.033482
0 0.233259 0.291295 0.011161 0.073661
0 0.226562 0.902902 0.020089 0.118304
0 0.208705 0.753348 0.015625 0.069196
0 0.253348 0.614955 0.024554 0.046875
0 0.243304 0.539062 0.017857 0.064732
0 0.224330 0.481027 0.011161 0.037946
0 0.225446 0.364955 0.013393 0.037946
0 0.242188 0.295759 0.024554 0.082589
0 0.243304 0.241071 0.013393 0.017857
0 0.279018 0.161830 0.013393 0.029018
0 0.297991 0.108259 0.015625 0.033482
0 0.297991 0.082589 0.011161 0.013393
0 0.279018 0.025670 0.013393 0.051339