0 0.375000 0.775670 0.013393 0.015625
0 0.363839 0.776786 0.013393 0.013393
0 0.619420 0.920759 0.015625 0.020089
0 0.397321 0.777902 0.031250 0.020089
0 0.174107 0.708705 0.013393 0.015625
0 0.156250 0.687500 0.017857 0.017857
0 0.592634 0.896205 0.095982 0.033482
0 0.494420 0.833705 0.011161 0.011161
0 0.438616 0.795759 0.011161 0.015625
0 0.397321 0.776786 0.026786 0.017857
0 0.343750 0.773438 0.031250 0.015625
0 0.129464 0.672991 0.031250 0.015625
0 0.091518 0.654018 0.035714 0.017857
0 0.027902 0.618304 0.011161 0.013393
0 0.008929 0.595982 0.017857 0.022321