0 0.582589 0.779018 0.013393 0.013393
0 0.260045 0.457589 0.015625 0.013393
0 0.155134 0.316964 0.011161 0.013393
0 0.662946 0.910714 0.031250 0.035714
0 0.563616 0.737723 0.015625 0.020089
0 0.503348 0.619420 0.033482 0.015625
0 0.467634 0.600446 0.024554 0.013393
0 0.420759 0.581473 0.046875 0.015625
0 0.314732 0.492188 0.013393 0.015625
0 0.280134 0.458705 0.015625 0.015625
0 0.226562 0.438616 0.015625 0.011161
0 0.170759 0.366071 0.011161 0.017857
0 0.064732 0.227679 0.017857 0.013393
0 0.993304 0.224330 0.013393 0.015625
0 0.016741 0.223214 0.033482 0.013393
0 0.026786 0.118304 0.053571 0.017857
0 0.801339 0.035714 0.035714 0.071429
0 0.010045 0.010045 0.020089 0.020089