0 0.979911 0.785714 0.031250 0.013393
0 0.169643 0.367188 0.022321 0.011161
0 0.992188 0.779018 0.015625 0.008929
0 0.857143 0.727679 0.022321 0.013393
0 0.013393 0.398438 0.026786 0.006696
0 0.011161 0.388393 0.022321 0.008929
0 0.902902 0.760045 0.015625 0.015625
0 0.770089 0.698661 0.031250 0.035714
0 0.599330 0.583705 0.011161 0.015625
0 0.577009 0.553571 0.091518 0.026786
0 0.237723 0.386161 0.042411 0.017857
0 0.198661 0.369420 0.031250 0.020089
0 0.279018 0.359375 0.049107 0.031250
0 0.112723 0.351562 0.020089 0.015625