0 0.838170 0.434152 0.033482 0.011161
0 0.420759 0.405134 0.015625 0.015625
0 0.500000 0.396205 0.035714 0.020089
0 0.198661 0.396205 0.066964 0.020089
0 0.974330 0.422991 0.015625 0.011161
0 0.910714 0.424107 0.066964 0.017857
0 0.630580 0.421875 0.029018 0.013393
0 0.753348 0.421875 0.029018 0.017857
0 0.330357 0.404018 0.013393 0.008929
0 0.555804 0.405134 0.031250 0.015625
0 0.389509 0.404018 0.055804 0.013393
0 0.680804 0.402902 0.031250 0.015625
0 0.279018 0.404018 0.044643 0.017857
0 0.062500 0.401786 0.125000 0.022321