0 0.068080 0.294643 0.015625 0.017857
0 0.743304 0.725446 0.013393 0.013393
0 0.973214 0.599330 0.017857 0.011161
0 0.704241 0.204241 0.055804 0.015625
0 0.706473 0.974330 0.015625 0.051339
0 0.756696 0.777902 0.013393 0.046875
0 0.010045 0.458705 0.020089 0.015625
0 0.056920 0.421875 0.033482 0.017857
0 0.063616 0.314732 0.011161 0.013393
0 0.357143 0.235491 0.035714 0.011161
0 0.550223 0.227679 0.046875 0.017857
0 0.486607 0.226562 0.035714 0.015625
0 0.657366 0.207589 0.020089 0.013393
0 0.717634 0.205357 0.060268 0.013393
0 0.834821 0.170759 0.022321 0.015625