0 0.606027 0.007812 0.011161 0.015625
0 0.606027 0.049107 0.015625 0.022321
0 0.824777 0.938616 0.006696 0.122768
0 0.819196 0.921875 0.013393 0.156250
0 0.820312 0.748884 0.015625 0.055804
0 0.770089 0.735491 0.013393 0.029018
0 0.762277 0.543527 0.020089 0.020089
0 0.750000 0.483259 0.017857 0.037946
0 0.172991 0.262277 0.015625 0.011161
0 0.607143 0.084821 0.017857 0.049107
0 0.609375 0.026786 0.013393 0.022321
0 0.801339 0.027902 0.004464 0.055804
0 0.821429 0.937500 0.008929 0.125000
0 0.779018 0.731027 0.017857 0.109375
0 0.799107 0.621652 0.044643 0.073661
0 0.762277 0.536830 0.020089 0.064732
0 0.748884 0.484375 0.015625 0.031250
0 0.799107 0.502232 0.017857 0.071429
0 0.742188 0.429688 0.015625 0.033482
0 0.074777 0.405134 0.020089 0.011161
0 0.689732 0.285714 0.017857 0.035714
0 0.209821 0.226562 0.013393 0.015625
0 0.654018 0.198661 0.017857 0.031250
0 0.617188 0.143973 0.015625 0.029018
0 0.603795 0.079241 0.011161 0.029018
0 0.274554 0.082589 0.017857 0.049107
0 0.277902 0.021205 0.020089 0.042411