0 0.453125 0.632812 0.008929 0.024554
0 0.494420 0.972098 0.024554 0.055804
0 0.485491 0.770089 0.006696 0.102679
0 0.446429 0.625000 0.022321 0.022321
0 0.402902 0.433036 0.015625 0.026786
0 0.402902 0.397321 0.015625 0.008929
0 0.417411 0.184152 0.022321 0.060268
0 0.493304 0.949777 0.022321 0.100446
0 0.475446 0.787946 0.022321 0.169643
0 0.441964 0.608259 0.013393 0.029018
0 0.438616 0.547991 0.015625 0.051339
0 0.421875 0.493304 0.013393 0.049107
0 0.404018 0.452009 0.017857 0.020089
0 0.399554 0.415179 0.022321 0.026786
0 0.386161 0.357143 0.017857 0.035714
0 0.405134 0.270089 0.015625 0.031250
0 0.420759 0.198661 0.015625 0.066964
0 0.415179 0.138393 0.022321 0.017857
0 0.417411 0.102679 0.022321 0.017857
0 0.422991 0.045759 0.033482 0.091518