0 0.781250 0.232143 0.026786 0.017857
0 0.934152 0.214286 0.037946 0.017857
0 0.991071 0.194196 0.017857 0.008929
0 0.022321 0.457589 0.044643 0.013393
0 0.097098 0.439732 0.046875 0.017857
0 0.299107 0.370536 0.053571 0.017857
0 0.241071 0.351562 0.017857 0.015625
0 0.524554 0.333705 0.026786 0.015625
0 0.405134 0.330357 0.020089 0.017857
0 0.601562 0.315848 0.020089 0.015625
0 0.654018 0.295759 0.017857 0.015625
0 0.839286 0.226562 0.031250 0.015625
0 0.975446 0.206473 0.049107 0.015625
0 0.878348 0.207589 0.029018 0.017857