0 0.752232 0.297991 0.008929 0.015625
0 0.934152 0.185268 0.011161 0.022321
0 0.945312 0.920759 0.011161 0.020089
0 0.892857 0.899554 0.008929 0.022321
0 0.927455 0.270089 0.011161 0.026786
0 0.751116 0.297991 0.015625 0.087054
0 0.940848 0.966518 0.015625 0.066964
0 0.902902 0.859375 0.011161 0.031250
0 0.940848 0.838170 0.015625 0.033482
0 0.941964 0.782366 0.017857 0.015625
0 0.916295 0.713170 0.037946 0.033482
0 0.885045 0.688616 0.011161 0.011161
0 0.920759 0.646205 0.015625 0.060268
0 0.333705 0.474330 0.015625 0.015625
0 0.813616 0.438616 0.011161 0.011161
0 0.456473 0.277902 0.011161 0.011161
0 0.748884 0.273438 0.006696 0.033482
0 0.877232 0.154018 0.035714 0.017857
0 0.780134 0.152902 0.051339 0.015625
0 0.693080 0.090402 0.037946 0.033482
0 0.546875 0.055804 0.013393 0.031250
0 0.633929 0.033482 0.013393 0.022321