0 0.007812 0.191964 0.015625 0.008929
0 0.372768 0.152902 0.022321 0.011161
0 0.318080 0.151786 0.033482 0.022321
0 0.941964 0.135045 0.017857 0.011161
0 0.464286 0.108259 0.022321 0.011161
0 0.886161 0.099330 0.013393 0.015625
0 0.851562 0.082589 0.011161 0.013393
0 0.780134 0.063616 0.011161 0.015625
0 0.744420 0.047991 0.011161 0.011161
0 0.618304 0.046875 0.013393 0.013393
0 0.056920 0.206473 0.024554 0.011161
0 0.099330 0.189732 0.011161 0.013393
0 0.151786 0.172991 0.049107 0.015625
0 0.380580 0.152902 0.020089 0.011161
0 0.267857 0.151786 0.102679 0.022321
0 0.973214 0.148438 0.053571 0.037946
0 0.440848 0.133929 0.015625 0.013393
0 0.466518 0.117188 0.040179 0.015625
0 0.574777 0.063616 0.037946 0.011161
0 0.697545 0.032366 0.029018 0.015625