0 0.348214 0.219866 0.022321 0.020089
0 0.938616 0.493304 0.015625 0.013393
0 0.638393 0.368304 0.017857 0.013393
0 0.212054 0.208705 0.013393 0.011161
0 0.029018 0.155134 0.013393 0.011161
0 0.965402 0.511161 0.033482 0.022321
0 0.902902 0.467634 0.060268 0.037946
0 0.848214 0.439732 0.013393 0.008929
0 0.698661 0.381696 0.026786 0.017857
0 0.597098 0.331473 0.020089 0.015625
0 0.518973 0.313616 0.029018 0.015625
0 0.473214 0.296875 0.044643 0.017857
0 0.241071 0.206473 0.053571 0.024554
0 0.169643 0.171875 0.022321 0.017857
0 0.099330 0.157366 0.091518 0.020089
0 0.008929 0.137277 0.017857 0.015625