0 0.900670 0.666295 0.015625 0.011161
0 0.495536 0.463170 0.026786 0.011161
0 0.477679 0.347098 0.013393 0.011161
0 0.568080 0.630580 0.015625 0.011161
0 0.024554 0.525670 0.026786 0.015625
0 0.305804 0.352679 0.040179 0.013393
0 0.142857 0.351562 0.035714 0.011161
0 0.935268 0.668527 0.022321 0.006696
0 0.591518 0.631696 0.031250 0.013393
0 0.244420 0.593750 0.046875 0.013393
0 0.422991 0.460938 0.042411 0.011161
0 0.172991 0.460938 0.154018 0.011161
0 0.282366 0.459821 0.020089 0.013393
0 0.768973 0.448661 0.256696 0.013393
0 0.992188 0.441964 0.015625 0.013393
0 0.444196 0.347098 0.035714 0.011161
0 0.802455 0.343750 0.363839 0.013393
0 0.363839 0.598214 0.075893 0.013393
0 0.250000 0.590402 0.035714 0.006696
0 0.044643 0.474330 0.022321 0.015625
0 0.330357 0.458705 0.089286 0.011161
0 0.550223 0.456473 0.020089 0.015625
0 0.332589 0.350446 0.013393 0.013393
0 0.224330 0.350446 0.122768 0.013393
0 0.062500 0.350446 0.125000 0.013393
0 0.809152 0.340402 0.345982 0.006696