0 0.195312 0.156250 0.015625 0.031250
0 0.216518 0.344866 0.017857 0.029018
0 0.208705 0.277902 0.011161 0.020089
0 0.223214 0.821429 0.017857 0.026786
0 0.152902 0.651786 0.011161 0.017857
0 0.224330 0.974330 0.015625 0.020089
0 0.224330 0.840402 0.020089 0.037946
0 0.155134 0.618304 0.015625 0.017857
0 0.416295 0.297991 0.037946 0.020089
0 0.582589 0.260045 0.017857 0.015625
0 0.669643 0.243304 0.089286 0.017857
0 0.206473 0.161830 0.020089 0.069196
0 0.171875 0.063616 0.008929 0.015625
0 0.170759 0.017857 0.020089 0.035714