0 0.709821 0.830357 0.017857 0.022321
0 0.599330 0.537946 0.024554 0.022321
0 0.631696 0.392857 0.008929 0.035714
0 0.706473 0.833705 0.011161 0.015625
0 0.600446 0.549107 0.013393 0.013393
0 0.672991 0.986607 0.015625 0.026786
0 0.724330 0.905134 0.015625 0.046875
0 0.706473 0.843750 0.015625 0.026786
0 0.689732 0.761161 0.013393 0.049107
0 0.654018 0.704241 0.013393 0.020089
0 0.617188 0.608259 0.015625 0.029018
0 0.584821 0.518973 0.017857 0.029018
0 0.618304 0.422991 0.013393 0.020089
0 0.621652 0.382812 0.015625 0.024554
0 0.617188 0.340402 0.015625 0.033482
0 0.601562 0.289062 0.015625 0.029018
0 0.599330 0.242188 0.011161 0.020089
0 0.617188 0.084821 0.015625 0.058036