0 0.439732 0.914062 0.013393 0.015625
0 0.561384 0.897321 0.020089 0.013393
0 0.689732 0.831473 0.013393 0.011161
0 0.142857 0.993304 0.066964 0.013393
0 0.208705 0.976562 0.051339 0.015625
0 0.350446 0.920759 0.058036 0.020089
0 0.456473 0.906250 0.046875 0.017857
0 0.537946 0.889509 0.071429 0.020089
0 0.599330 0.868304 0.011161 0.013393
0 0.635045 0.851562 0.046875 0.020089
0 0.753348 0.784598 0.024554 0.024554
0 0.912946 0.651786 0.031250 0.013393
0 0.958705 0.635045 0.020089 0.015625
0 0.993304 0.618304 0.013393 0.008929