0 0.459821 0.893973 0.017857 0.029018
0 0.295759 0.383929 0.015625 0.022321
0 0.359375 0.196429 0.008929 0.044643
0 0.279018 0.082589 0.008929 0.013393
0 0.262277 0.063616 0.011161 0.015625
0 0.462054 0.974330 0.022321 0.051339
0 0.438616 0.920759 0.015625 0.015625
0 0.438616 0.859375 0.015625 0.026786
0 0.416295 0.831473 0.024554 0.015625
0 0.309152 0.770089 0.037946 0.026786
0 0.277902 0.733259 0.015625 0.033482
0 0.261161 0.681920 0.013393 0.029018
0 0.296875 0.628348 0.008929 0.024554
0 0.329241 0.553571 0.020089 0.026786
0 0.295759 0.448661 0.015625 0.031250
0 0.331473 0.312500 0.011161 0.017857
0 0.314732 0.223214 0.013393 0.044643
0 0.337054 0.197545 0.053571 0.100446
0 0.207589 0.007812 0.013393 0.015625