0 0.456473 0.754464 0.020089 0.013393
0 0.703125 0.513393 0.022321 0.013393
0 0.368304 0.801339 0.013393 0.013393
0 0.424107 0.779018 0.013393 0.008929
0 0.949777 0.752232 0.033482 0.017857
0 0.664062 0.522321 0.033482 0.008929
0 0.443080 0.500000 0.055804 0.013393
0 0.662946 0.361607 0.129464 0.017857
0 0.583705 0.362723 0.015625 0.020089
0 0.402902 0.796875 0.011161 0.013393
0 0.309152 0.794643 0.029018 0.013393
0 0.742188 0.780134 0.087054 0.015625
0 0.251116 0.779018 0.029018 0.013393
0 0.170759 0.762277 0.051339 0.015625
0 0.600446 0.761161 0.044643 0.017857
0 0.883929 0.743304 0.013393 0.008929
0 0.983259 0.742188 0.033482 0.011161
0 0.840402 0.744420 0.029018 0.015625
0 0.128348 0.743304 0.029018 0.013393
0 0.052455 0.743304 0.033482 0.013393
0 0.483259 0.742188 0.029018 0.015625
0 0.670759 0.514509 0.046875 0.015625
0 0.858259 0.510045 0.283482 0.024554
0 0.581473 0.510045 0.091518 0.024554
0 0.191964 0.508929 0.383929 0.022321
0 0.868304 0.368304 0.263393 0.022321
0 0.277902 0.366071 0.555804 0.022321