0 0.825893 0.334821 0.013393 0.017857
0 0.840402 0.011161 0.011161 0.022321
0 0.687500 0.973214 0.013393 0.017857
0 0.707589 0.878348 0.017857 0.069196
0 0.725446 0.819196 0.008929 0.022321
0 0.724330 0.784598 0.015625 0.024554
0 0.706473 0.741071 0.011161 0.017857
0 0.706473 0.646205 0.020089 0.033482
0 0.687500 0.600446 0.022321 0.053571
0 0.793527 0.253348 0.020089 0.064732
0 0.782366 0.145089 0.020089 0.031250
0 0.795759 0.101562 0.015625 0.020089
0 0.814732 0.063616 0.017857 0.015625
0 0.832589 0.022321 0.017857 0.044643