0 0.484375 0.497768 0.022321 0.008929
0 0.921875 0.247768 0.022321 0.013393
0 0.350446 0.108259 0.022321 0.006696
0 0.601562 0.104911 0.024554 0.013393
0 0.561384 0.501116 0.024554 0.020089
0 0.083705 0.447545 0.064732 0.020089
0 0.921875 0.254464 0.022321 0.013393
0 0.342634 0.113839 0.029018 0.008929
0 0.530134 0.501116 0.055804 0.020089
0 0.776786 0.494420 0.017857 0.015625
0 0.127232 0.447545 0.062500 0.020089
0 0.062500 0.273438 0.125000 0.006696
0 0.422991 0.271205 0.015625 0.020089
0 0.380580 0.268973 0.033482 0.020089
0 0.955357 0.253348 0.017857 0.011161
0 0.751116 0.251116 0.319196 0.020089
0 0.474330 0.118304 0.029018 0.013393
0 0.806920 0.110491 0.386161 0.011161
0 0.089286 0.110491 0.071429 0.015625
0 0.395089 0.108259 0.066964 0.015625
0 0.565848 0.108259 0.051339 0.020089
0 0.981027 0.547991 0.037946 0.020089
0 0.895089 0.529018 0.031250 0.013393
0 0.851562 0.511161 0.046875 0.013393
0 0.536830 0.503348 0.029018 0.006696
0 0.622768 0.493304 0.026786 0.013393
0 0.424107 0.492188 0.053571 0.015625
0 0.657366 0.491071 0.042411 0.017857
0 0.378348 0.475446 0.029018 0.013393
0 0.724330 0.473214 0.046875 0.022321
0 0.254464 0.455357 0.178571 0.022321
0 0.039062 0.439732 0.033482 0.017857
0 0.007812 0.419643 0.015625 0.017857
0 0.062500 0.266741 0.125000 0.006696
0 0.322545 0.264509 0.029018 0.015625
0 0.062500 0.258929 0.125000 0.004464
0 0.217634 0.262277 0.140625 0.020089
0 0.760045 0.254464 0.301339 0.008929
0 0.518973 0.258929 0.069196 0.022321
0 0.946429 0.245536 0.035714 0.013393
0 0.993304 0.245536 0.013393 0.017857
0 0.496652 0.119420 0.042411 0.015625
0 0.441964 0.116071 0.017857 0.013393
0 0.093750 0.116071 0.066964 0.013393
0 0.188616 0.116071 0.082589 0.022321
0 0.018973 0.114955 0.037946 0.020089
0 0.805804 0.102679 0.388393 0.013393
0 0.280134 0.103795 0.051339 0.020089