0 0.641741 0.939732 0.011161 0.022321
0 0.547991 0.364955 0.011161 0.020089
0 0.561384 0.250000 0.006696 0.080357
0 0.651786 0.941964 0.013393 0.035714
0 0.627232 0.648438 0.013393 0.037946
0 0.564732 0.404018 0.017857 0.062500
0 0.564732 0.032366 0.013393 0.015625
0 0.648438 0.974330 0.029018 0.051339
0 0.655134 0.924107 0.015625 0.049107
0 0.636161 0.851562 0.013393 0.046875
0 0.640625 0.736607 0.026786 0.102679
0 0.617188 0.627232 0.020089 0.102679
0 0.597098 0.520089 0.020089 0.066964
0 0.547991 0.258929 0.020089 0.196429
0 0.555804 0.116071 0.026786 0.084821
0 0.563616 0.060268 0.011161 0.049107