0 0.081473 0.795759 0.011161 0.011161
0 0.926339 0.707589 0.026786 0.013393
0 0.837054 0.689732 0.022321 0.013393
0 0.493304 0.619420 0.013393 0.015625
0 0.530134 0.044643 0.015625 0.022321
0 0.006696 0.902902 0.013393 0.011161
0 0.078125 0.770089 0.022321 0.031250
0 0.945312 0.708705 0.020089 0.011161
0 0.987723 0.709821 0.024554 0.022321
0 0.872768 0.697545 0.062500 0.029018
0 0.679688 0.671875 0.064732 0.013393
0 0.811384 0.670759 0.020089 0.015625
0 0.172991 0.652902 0.011161 0.011161
0 0.760045 0.654018 0.046875 0.017857
0 0.582589 0.645089 0.013393 0.026786
0 0.617188 0.636161 0.015625 0.013393
0 0.517857 0.617188 0.040179 0.015625
0 0.244420 0.582589 0.015625 0.008929
0 0.438616 0.583705 0.051339 0.020089
0 0.367188 0.581473 0.046875 0.015625
0 0.262277 0.564732 0.015625 0.013393
0 0.312500 0.564732 0.053571 0.017857
0 0.299107 0.500000 0.017857 0.031250
0 0.316964 0.456473 0.013393 0.015625
0 0.350446 0.335938 0.013393 0.015625
0 0.404018 0.296875 0.013393 0.017857
0 0.424107 0.257812 0.013393 0.011161
0 0.421875 0.242188 0.013393 0.015625
0 0.488839 0.106027 0.017857 0.029018
0 0.530134 0.022321 0.020089 0.044643