0 0.912946 0.989955 0.013393 0.020089
0 0.904018 0.979911 0.013393 0.040179
0 0.905134 0.898438 0.011161 0.024554
0 0.799107 0.476562 0.017857 0.015625
0 0.780134 0.261161 0.011161 0.017857
0 0.761161 0.157366 0.008929 0.020089
0 0.804688 0.121652 0.015625 0.091518
0 0.773438 0.065848 0.020089 0.051339
0 0.907366 0.975446 0.015625 0.049107
0 0.904018 0.890625 0.008929 0.017857
0 0.837054 0.813616 0.022321 0.011161
0 0.753348 0.738839 0.033482 0.022321
0 0.720982 0.686384 0.022321 0.051339
0 0.742188 0.617188 0.011161 0.011161
0 0.761161 0.566964 0.013393 0.017857
0 0.781250 0.520089 0.017857 0.040179
0 0.744420 0.359375 0.015625 0.066964
0 0.761161 0.289062 0.013393 0.024554
0 0.781250 0.241071 0.017857 0.022321
0 0.799107 0.161830 0.017857 0.069196
0 0.776786 0.091518 0.013393 0.031250
0 0.799107 0.090402 0.013393 0.033482
0 0.775670 0.036830 0.015625 0.029018