0 0.987723 0.972098 0.020089 0.011161
0 0.832589 0.954241 0.013393 0.015625
0 0.824777 0.954241 0.011161 0.015625
0 0.959821 0.975446 0.013393 0.013393
0 0.645089 0.914062 0.031250 0.015625
0 0.584821 0.907366 0.017857 0.011161
0 0.502232 0.902902 0.026786 0.015625
0 0.253348 0.876116 0.029018 0.011161
0 0.314732 0.871652 0.013393 0.011161
0 0.972098 0.975446 0.020089 0.013393
0 0.877232 0.956473 0.066964 0.015625
0 0.754464 0.940848 0.035714 0.015625
0 0.680804 0.920759 0.026786 0.015625
0 0.642857 0.918527 0.022321 0.015625
0 0.513393 0.904018 0.049107 0.013393
0 0.386161 0.887277 0.049107 0.015625
0 0.091518 0.889509 0.066964 0.020089
0 0.243304 0.883929 0.044643 0.013393
0 0.161830 0.871652 0.029018 0.020089
0 0.016741 0.870536 0.033482 0.017857