0 0.369420 0.919643 0.015625 0.022321
0 0.439732 0.689732 0.013393 0.013393
0 0.350446 0.989955 0.013393 0.020089
0 0.368304 0.906250 0.013393 0.031250
0 0.385045 0.837054 0.015625 0.026786
0 0.404018 0.742188 0.017857 0.051339
0 0.458705 0.655134 0.015625 0.015625
0 0.474330 0.635045 0.011161 0.011161
0 0.456473 0.607143 0.015625 0.031250
0 0.475446 0.447545 0.013393 0.029018
0 0.494420 0.419643 0.011161 0.013393
0 0.505580 0.358259 0.024554 0.064732
0 0.527902 0.302455 0.015625 0.033482
0 0.545759 0.228795 0.015625 0.020089
0 0.564732 0.145089 0.013393 0.035714
0 0.583705 0.101562 0.015625 0.020089