0 0.447545 0.420759 0.015625 0.020089
0 0.502232 0.685268 0.008929 0.017857
0 0.458705 0.419643 0.006696 0.022321
0 0.489955 0.008929 0.006696 0.017857
0 0.525670 0.945312 0.011161 0.015625
0 0.494420 0.738839 0.006696 0.049107
0 0.508929 0.708705 0.008929 0.082589
0 0.529018 0.907366 0.022321 0.185268
0 0.511161 0.789062 0.013393 0.033482
0 0.500000 0.727679 0.017857 0.053571
0 0.492188 0.636161 0.015625 0.049107
0 0.474330 0.558036 0.011161 0.035714
0 0.456473 0.475446 0.020089 0.084821
0 0.455357 0.369420 0.022321 0.055804
0 0.474330 0.199777 0.024554 0.212054
0 0.478795 0.007812 0.015625 0.015625