0 0.007812 0.496652 0.015625 0.015625
0 0.991071 0.956473 0.017857 0.011161
0 0.833705 0.839286 0.015625 0.026786
0 0.762277 0.689732 0.015625 0.013393
0 0.529018 0.582589 0.017857 0.013393
0 0.280134 0.495536 0.020089 0.017857
0 0.331473 0.484375 0.020089 0.013393
0 0.965402 0.940848 0.033482 0.015625
0 0.993304 0.888393 0.013393 0.013393
0 0.893973 0.886161 0.136161 0.089286
0 0.814732 0.808036 0.013393 0.026786
0 0.796875 0.734375 0.008929 0.031250
0 0.713170 0.651786 0.024554 0.013393
0 0.648438 0.599330 0.029018 0.011161
0 0.513393 0.584821 0.035714 0.013393
0 0.578125 0.585938 0.089286 0.024554
0 0.466518 0.563616 0.031250 0.020089
0 0.422991 0.545759 0.055804 0.015625
0 0.007812 0.512277 0.015625 0.015625
0 0.234375 0.500000 0.098214 0.031250
0 0.027902 0.492188 0.020089 0.015625
0 0.330357 0.493304 0.053571 0.022321
0 0.118304 0.472098 0.120536 0.029018