0 0.860491 0.427455 0.011161 0.011161
0 0.178571 0.356027 0.035714 0.011161
0 0.708705 0.430804 0.015625 0.017857
0 0.169643 0.362723 0.053571 0.011161
0 0.924107 0.433036 0.084821 0.017857
0 0.772321 0.428571 0.071429 0.017857
0 0.422991 0.368304 0.015625 0.013393
0 0.388393 0.345982 0.017857 0.008929
0 0.316964 0.345982 0.017857 0.008929
0 0.796875 0.421875 0.049107 0.008929
0 0.628348 0.402902 0.033482 0.015625
0 0.492188 0.385045 0.051339 0.015625
0 0.437500 0.368304 0.017857 0.013393
0 0.052455 0.353795 0.104911 0.015625
0 0.396205 0.349330 0.029018 0.015625
0 0.234375 0.350446 0.071429 0.017857