0 0.827009 0.994420 0.024554 0.011161
0 0.418527 0.933036 0.020089 0.017857
0 0.919643 0.988839 0.017857 0.022321
0 0.418527 0.924107 0.024554 0.008929
0 0.797991 0.995536 0.011161 0.008929
0 0.981027 0.975446 0.020089 0.013393
0 0.228795 0.918527 0.020089 0.015625
0 0.068080 0.832589 0.015625 0.013393
0 0.875000 0.993304 0.071429 0.013393
0 0.734375 0.991071 0.066964 0.017857
0 0.956473 0.974330 0.051339 0.015625
0 0.645089 0.956473 0.031250 0.015625
0 0.610491 0.943080 0.029018 0.020089
0 0.300223 0.922991 0.113839 0.020089
0 0.546875 0.919643 0.080357 0.022321
0 0.492188 0.902902 0.015625 0.011161
0 0.171875 0.902902 0.049107 0.015625
0 0.080357 0.831473 0.017857 0.015625
0 0.007812 0.796875 0.015625 0.017857