0 0.445312 0.652902 0.020089 0.024554
0 0.436384 0.171875 0.006696 0.084821
0 0.426339 0.986607 0.017857 0.026786
0 0.440848 0.742188 0.015625 0.029018
0 0.445312 0.665179 0.020089 0.031250
0 0.431920 0.056920 0.006696 0.033482
0 0.425223 0.993304 0.006696 0.013393
0 0.419643 0.946429 0.017857 0.035714
0 0.421875 0.858259 0.013393 0.033482
0 0.443080 0.717634 0.020089 0.037946
0 0.457589 0.600446 0.013393 0.022321
0 0.458705 0.467634 0.020089 0.095982
0 0.443080 0.377232 0.015625 0.026786
0 0.454241 0.312500 0.020089 0.049107
0 0.438616 0.255580 0.015625 0.020089
0 0.428571 0.197545 0.008929 0.064732
0 0.427455 0.139509 0.011161 0.020089
0 0.424107 0.052455 0.017857 0.104911