0 0.465402 0.618304 0.015625 0.017857
0 0.027902 0.228795 0.015625 0.011161
0 0.360491 0.368304 0.015625 0.049107
0 0.368304 0.322545 0.013393 0.029018
0 0.457589 0.885045 0.013393 0.015625
0 0.475446 0.813616 0.013393 0.020089
0 0.617188 0.672991 0.046875 0.015625
0 0.520089 0.671875 0.031250 0.017857
0 0.458705 0.655134 0.015625 0.015625
0 0.421875 0.541295 0.013393 0.029018
0 0.385045 0.429688 0.015625 0.029018
0 0.369420 0.323661 0.011161 0.026786
0 0.181920 0.167411 0.033482 0.022321
0 0.257812 0.123884 0.020089 0.140625