0 0.521205 0.811384 0.015625 0.020089
0 0.797991 0.976562 0.015625 0.015625
0 0.170759 0.602679 0.015625 0.013393
0 0.724330 0.921875 0.046875 0.017857
0 0.670759 0.885045 0.011161 0.011161
0 0.645089 0.868304 0.031250 0.013393
0 0.591518 0.849330 0.026786 0.011161
0 0.386161 0.715402 0.013393 0.033482
0 0.324777 0.690848 0.024554 0.015625
0 0.246652 0.645089 0.037946 0.031250
0 0.126116 0.581473 0.029018 0.015625
0 0.091518 0.563616 0.026786 0.011161
0 0.047991 0.546875 0.015625 0.013393
0 0.016741 0.529018 0.033482 0.013393