0 0.917411 0.202009 0.022321 0.006696
0 0.654018 0.119420 0.013393 0.015625
0 0.559152 0.068080 0.033482 0.011161
0 0.369420 0.027902 0.015625 0.015625
0 0.994420 0.225446 0.011161 0.013393
0 0.968750 0.226562 0.035714 0.020089
0 0.938616 0.189732 0.020089 0.013393
0 0.889509 0.190848 0.037946 0.015625
0 0.837054 0.187500 0.026786 0.013393
0 0.771205 0.171875 0.024554 0.013393
0 0.685268 0.136161 0.040179 0.013393
0 0.628348 0.099330 0.029018 0.015625
0 0.510045 0.081473 0.046875 0.015625
0 0.412946 0.046875 0.031250 0.017857
0 0.277902 0.027902 0.046875 0.015625
0 0.332589 0.007812 0.013393 0.015625
0 0.244420 0.008929 0.011161 0.017857