0 0.584821 0.340402 0.026786 0.011161
0 0.544643 0.588170 0.013393 0.024554
0 0.670759 0.193080 0.011161 0.020089
0 0.709821 0.142857 0.017857 0.031250
0 0.600446 0.985491 0.022321 0.029018
0 0.581473 0.920759 0.015625 0.051339
0 0.602679 0.852679 0.017857 0.049107
0 0.578125 0.744420 0.022321 0.118304
0 0.564732 0.645089 0.013393 0.031250
0 0.508929 0.478795 0.017857 0.060268
0 0.619420 0.285714 0.011161 0.026786
0 0.637277 0.242188 0.020089 0.051339
0 0.706473 0.136161 0.011161 0.031250
0 0.706473 0.054688 0.024554 0.073661