0 0.893973 0.635045 0.015625 0.051339
0 0.813616 0.305804 0.015625 0.035714
0 0.870536 0.287946 0.022321 0.031250
0 0.863839 0.136161 0.013393 0.026786
0 0.967634 0.886161 0.029018 0.013393
0 0.930804 0.867188 0.031250 0.015625
0 0.904018 0.813616 0.013393 0.046875
0 0.886161 0.723214 0.013393 0.044643
0 0.896205 0.648438 0.011161 0.055804
0 0.887277 0.572545 0.015625 0.029018
0 0.868304 0.503348 0.017857 0.029018
0 0.870536 0.276786 0.017857 0.049107
0 0.867188 0.218750 0.024554 0.071429
0 0.814732 0.226562 0.022321 0.158482
0 0.869420 0.072545 0.024554 0.145089