0 0.885045 0.301339 0.020089 0.017857
0 0.084821 0.994420 0.013393 0.011161
0 0.079241 0.524554 0.029018 0.017857
0 0.572545 0.360491 0.037946 0.015625
0 0.017857 0.867188 0.035714 0.011161
0 0.165179 0.527902 0.066964 0.015625
0 0.051339 0.526786 0.026786 0.017857
0 0.094866 0.524554 0.029018 0.017857
0 0.262277 0.511161 0.020089 0.013393
0 0.350446 0.475446 0.013393 0.017857
0 0.725446 0.332589 0.017857 0.013393
0 0.787946 0.333705 0.031250 0.020089
0 0.867188 0.300223 0.011161 0.015625
0 0.946429 0.295759 0.107143 0.020089