0 0.138393 0.833705 0.017857 0.015625
0 0.109375 0.424107 0.008929 0.022321
0 0.458705 0.994420 0.015625 0.011161
0 0.368304 0.906250 0.049107 0.022321
0 0.327009 0.886161 0.024554 0.013393
0 0.223214 0.832589 0.013393 0.008929
0 0.164062 0.828125 0.060268 0.017857
0 0.059152 0.797991 0.024554 0.020089
0 0.015625 0.780134 0.031250 0.011161
0 0.082589 0.724330 0.125000 0.020089
0 0.102679 0.426339 0.017857 0.035714
0 0.100446 0.385045 0.013393 0.046875
0 0.082589 0.304688 0.013393 0.033482
0 0.030134 0.217634 0.015625 0.029018
0 0.012277 0.189732 0.024554 0.013393
0 0.029018 0.148438 0.013393 0.064732
0 0.012277 0.080357 0.024554 0.049107