0 0.616071 0.247768 0.017857 0.013393
0 0.532366 0.099330 0.015625 0.015625
0 0.172991 0.088170 0.015625 0.011161
0 0.900670 0.310268 0.029018 0.013393
0 0.231027 0.097098 0.029018 0.006696
0 0.813616 0.314732 0.020089 0.013393
0 0.618304 0.261161 0.013393 0.008929
0 0.600446 0.118304 0.013393 0.013393
0 0.555804 0.098214 0.031250 0.017857
0 0.404018 0.093750 0.049107 0.017857
0 0.652902 0.010045 0.011161 0.020089
0 0.993304 0.349330 0.013393 0.011161
0 0.844866 0.314732 0.064732 0.017857
0 0.927455 0.313616 0.033482 0.024554
0 0.712054 0.296875 0.035714 0.013393
0 0.985491 0.187500 0.029018 0.013393
0 0.885045 0.170759 0.046875 0.020089
0 0.797991 0.152902 0.015625 0.011161
0 0.572545 0.100446 0.033482 0.017857
0 0.484375 0.095982 0.066964 0.017857
0 0.322545 0.085938 0.029018 0.015625
0 0.689732 0.082589 0.013393 0.013393
0 0.041295 0.078125 0.082589 0.017857