0 0.233259 0.197545 0.109375 0.011161
0 0.008929 0.178571 0.017857 0.008929
0 0.347098 0.172991 0.024554 0.015625
0 0.011161 0.742188 0.022321 0.046875
0 0.161830 0.745536 0.033482 0.120536
0 0.029018 0.689732 0.022321 0.049107
0 0.136161 0.662946 0.017857 0.031250
0 0.070312 0.598214 0.033482 0.013393
0 0.007812 0.554688 0.015625 0.033482
0 0.025670 0.187500 0.051339 0.013393
0 0.209821 0.188616 0.196429 0.024554
0 0.386161 0.154018 0.013393 0.013393
0 0.428571 0.136161 0.035714 0.013393
0 0.494420 0.082589 0.015625 0.013393
0 0.536830 0.045759 0.029018 0.015625
0 0.581473 0.029018 0.046875 0.013393
0 0.621652 0.007812 0.015625 0.015625