0 0.838170 0.268973 0.020089 0.020089
0 0.799107 0.473214 0.013393 0.022321
0 0.678571 0.135045 0.017857 0.020089
0 0.860491 0.142857 0.011161 0.026786
0 0.694196 0.138393 0.022321 0.017857
0 0.475446 0.956473 0.017857 0.015625
0 0.252232 0.832589 0.031250 0.017857
0 0.154018 0.727679 0.013393 0.017857
0 0.026786 0.647321 0.053571 0.035714
0 0.876116 0.565848 0.029018 0.015625
0 0.029018 0.572545 0.017857 0.104911
0 0.799107 0.439732 0.022321 0.049107
0 0.832589 0.305804 0.013393 0.035714
0 0.008929 0.224330 0.017857 0.011161
0 0.725446 0.218750 0.013393 0.031250
0 0.184152 0.188616 0.042411 0.015625
0 0.849330 0.184152 0.011161 0.020089
0 0.081473 0.171875 0.046875 0.017857
0 0.901786 0.157366 0.013393 0.015625
0 0.878348 0.154018 0.029018 0.017857
0 0.796875 0.154018 0.053571 0.017857
0 0.689732 0.150670 0.013393 0.015625
0 0.723214 0.133929 0.062500 0.017857
0 0.927455 0.117188 0.037946 0.011161
0 0.799107 0.117188 0.022321 0.020089