0 0.991071 0.765625 0.017857 0.013393
0 0.476562 0.638393 0.020089 0.017857
0 0.561384 0.633929 0.020089 0.013393
0 0.611607 0.622768 0.022321 0.008929
0 0.902902 0.724330 0.015625 0.015625
0 0.805804 0.671875 0.031250 0.013393
0 0.754464 0.652902 0.040179 0.015625
0 0.643973 0.637277 0.029018 0.015625
0 0.547991 0.637277 0.033482 0.015625
0 0.027902 0.636161 0.055804 0.017857
0 0.147321 0.620536 0.022321 0.017857
0 0.122768 0.619420 0.022321 0.020089
0 0.220982 0.616071 0.040179 0.017857
0 0.358259 0.602679 0.064732 0.017857