0 0.638393 0.707589 0.013393 0.013393
0 0.726562 0.702009 0.046875 0.020089
0 0.101562 0.154018 0.011161 0.013393
0 0.458705 0.974330 0.020089 0.015625
0 0.494420 0.937500 0.015625 0.026786
0 0.618304 0.772321 0.017857 0.026786
0 0.786830 0.706473 0.118304 0.020089
0 0.948661 0.693080 0.066964 0.020089
0 0.600446 0.654018 0.013393 0.013393
0 0.527902 0.590402 0.020089 0.033482
0 0.393973 0.430804 0.033482 0.031250
0 0.128348 0.170759 0.029018 0.015625
0 0.063616 0.100446 0.015625 0.013393
0 0.029018 0.039062 0.013393 0.029018