0 0.119420 0.411830 0.024554 0.015625
0 0.141741 0.412946 0.024554 0.013393
0 0.671875 0.672991 0.013393 0.015625
0 0.654018 0.652902 0.013393 0.011161
0 0.857143 0.505580 0.071429 0.011161
0 0.867188 0.498884 0.122768 0.011161
0 0.599330 0.503348 0.011161 0.029018
0 0.332589 0.404018 0.013393 0.013393
0 0.565848 0.385045 0.015625 0.011161
0 0.684152 0.674107 0.020089 0.017857
0 0.636161 0.637277 0.013393 0.011161
0 0.620536 0.600446 0.013393 0.013393
0 0.984375 0.526786 0.031250 0.017857
0 0.601562 0.531250 0.006696 0.040179
0 0.636161 0.546875 0.053571 0.084821
0 0.636161 0.493304 0.017857 0.013393
0 0.669643 0.484375 0.013393 0.026786
0 0.712054 0.482143 0.071429 0.031250
0 0.593750 0.487723 0.062500 0.042411
0 0.082589 0.439732 0.013393 0.013393
0 0.018973 0.448661 0.037946 0.031250
0 0.597098 0.430804 0.024554 0.026786
0 0.481027 0.420759 0.069196 0.015625
0 0.405134 0.405134 0.015625 0.011161
0 0.356027 0.405134 0.037946 0.015625
0 0.267857 0.402902 0.031250 0.011161
0 0.179688 0.404018 0.033482 0.013393
0 0.832589 0.070312 0.013393 0.015625
0 0.848214 0.018973 0.013393 0.037946