0 0.283482 0.476562 0.013393 0.020089
0 0.558036 0.300223 0.013393 0.011161
0 0.285714 0.475446 0.022321 0.026786
0 0.294643 0.651786 0.013393 0.022321
0 0.289062 0.437500 0.011161 0.022321
0 0.466518 0.324777 0.075893 0.020089
0 0.745536 0.237723 0.049107 0.024554
0 0.981027 0.178571 0.037946 0.013393
0 0.206473 0.786830 0.015625 0.029018
0 0.241071 0.709821 0.026786 0.053571
0 0.296875 0.639509 0.013393 0.029018
0 0.295759 0.549107 0.020089 0.049107
0 0.281250 0.439732 0.013393 0.044643
0 0.458705 0.331473 0.087054 0.020089
0 0.296875 0.345982 0.017857 0.075893
0 0.535714 0.313616 0.035714 0.015625
0 0.607143 0.299107 0.031250 0.017857
0 0.359375 0.300223 0.031250 0.020089
0 0.322545 0.295759 0.037946 0.011161
0 0.637277 0.276786 0.020089 0.017857
0 0.670759 0.261161 0.024554 0.013393
0 0.728795 0.242188 0.064732 0.015625
0 0.829241 0.225446 0.078125 0.017857
0 0.904018 0.207589 0.062500 0.022321
0 0.975446 0.186384 0.049107 0.015625