0 0.713170 0.011161 0.015625 0.017857
0 0.554688 0.957589 0.011161 0.017857
0 0.601562 0.419643 0.020089 0.022321
0 0.545759 0.405134 0.011161 0.015625
0 0.584821 0.125000 0.017857 0.040179
0 0.664062 0.017857 0.033482 0.013393
0 0.613839 0.014509 0.017857 0.011161
0 0.546875 0.948661 0.013393 0.035714
0 0.562500 0.870536 0.013393 0.026786
0 0.583705 0.805804 0.015625 0.035714
0 0.600446 0.642857 0.017857 0.035714
0 0.573661 0.379464 0.026786 0.031250
0 0.529018 0.334821 0.013393 0.049107
0 0.549107 0.279018 0.017857 0.049107
0 0.549107 0.197545 0.017857 0.033482
0 0.564732 0.170759 0.008929 0.015625
0 0.580357 0.091518 0.022321 0.066964
0 0.601562 0.033482 0.020089 0.049107