0 0.320312 0.618304 0.011161 0.026786
0 0.312500 0.684152 0.008929 0.015625
0 0.318080 0.530134 0.011161 0.015625
0 0.311384 0.805804 0.006696 0.031250
0 0.306920 0.963170 0.011161 0.073661
0 0.314732 0.564732 0.004464 0.053571
0 0.762277 0.187500 0.015625 0.008929
0 0.823661 0.157366 0.031250 0.006696
0 0.303571 0.969866 0.004464 0.060268
0 0.305804 0.805804 0.004464 0.026786
0 0.320312 0.564732 0.006696 0.049107
0 0.332589 0.412946 0.008929 0.026786
0 0.456473 0.187500 0.011161 0.013393
0 0.885045 0.168527 0.020089 0.015625
0 0.479911 0.168527 0.022321 0.015625
0 0.609375 0.154018 0.031250 0.013393