0 0.333705 0.569196 0.015625 0.008929
0 0.780134 0.719866 0.020089 0.011161
0 0.489955 0.469866 0.024554 0.011161
0 0.738839 0.720982 0.040179 0.008929
0 0.409598 0.687500 0.033482 0.008929
0 0.619420 0.569196 0.046875 0.008929
0 0.401786 0.568080 0.093750 0.011161
0 0.040179 0.559152 0.031250 0.011161
0 0.892857 0.556920 0.214286 0.011161
0 0.477679 0.470982 0.022321 0.008929
0 0.322545 0.469866 0.037946 0.011161
0 0.398438 0.467634 0.073661 0.011161
0 0.237723 0.467634 0.100446 0.011161
0 0.618304 0.465402 0.049107 0.011161
0 0.886161 0.463170 0.227679 0.011161
0 0.063616 0.463170 0.127232 0.011161
0 0.537946 0.460938 0.031250 0.011161
0 0.545759 0.690848 0.046875 0.011161
0 0.243304 0.582589 0.013393 0.008929
0 0.497768 0.565848 0.071429 0.011161
0 0.901786 0.553571 0.196429 0.004464
0 0.401786 0.464286 0.053571 0.004464
0 0.239955 0.464286 0.091518 0.004464