0 0.264509 0.591518 0.015625 0.017857
0 0.244420 0.383929 0.011161 0.017857
0 0.235491 0.880580 0.006696 0.024554
0 0.235491 0.795759 0.011161 0.015625
0 0.239955 0.777902 0.006696 0.020089
0 0.235491 0.736607 0.011161 0.040179
0 0.253348 0.431920 0.011161 0.069196
0 0.207589 0.993304 0.013393 0.013393
0 0.228795 0.922991 0.024554 0.091518
0 0.225446 0.786830 0.022321 0.176339
0 0.261161 0.632812 0.017857 0.046875
0 0.263393 0.539062 0.017857 0.029018
0 0.243304 0.441964 0.017857 0.089286
0 0.242188 0.252232 0.024554 0.102679
0 0.277902 0.126116 0.020089 0.033482
0 0.294643 0.025670 0.017857 0.051339