0 0.910714 0.573661 0.008929 0.035714
0 0.910714 0.512277 0.013393 0.020089
0 0.930804 0.455357 0.008929 0.044643
0 0.921875 0.416295 0.013393 0.060268
0 0.887277 0.368304 0.020089 0.013393
0 0.775670 0.224330 0.020089 0.029018
0 0.752232 0.187500 0.017857 0.053571
0 0.886161 0.955357 0.008929 0.013393
0 0.977679 0.841518 0.026786 0.035714
0 0.993304 0.785714 0.013393 0.031250
0 0.920759 0.561384 0.024554 0.091518
0 0.919643 0.459821 0.026786 0.102679
0 0.770089 0.204241 0.044643 0.020089
0 0.757812 0.158482 0.029018 0.026786
0 0.789062 0.130580 0.033482 0.100446
0 0.761161 0.055804 0.017857 0.026786
0 0.742188 0.030134 0.011161 0.015625