0 0.623884 0.783482 0.024554 0.013393
0 0.622768 0.787946 0.044643 0.017857
0 0.633929 0.791295 0.017857 0.011161
0 0.486607 0.678571 0.022321 0.022321
0 0.151786 0.532366 0.013393 0.011161
0 0.994420 0.795759 0.011161 0.011161
0 0.949777 0.779018 0.033482 0.013393
0 0.660714 0.777902 0.031250 0.011161
0 0.725446 0.758929 0.017857 0.017857
0 0.831473 0.741071 0.127232 0.022321
0 0.453125 0.665179 0.089286 0.066964
0 0.275670 0.579241 0.078125 0.020089
0 0.116071 0.546875 0.013393 0.013393
0 0.069196 0.549107 0.075893 0.022321
0 0.008929 0.530134 0.017857 0.015625