0 0.763393 0.549107 0.017857 0.008929
0 0.784598 0.552455 0.020089 0.011161
0 0.914062 0.536830 0.024554 0.006696
0 0.114955 0.688616 0.020089 0.020089
0 0.304688 0.664062 0.029018 0.015625
0 0.897321 0.540179 0.031250 0.013393
0 0.859375 0.529018 0.031250 0.013393
0 0.007812 0.764509 0.015625 0.011161
0 0.176339 0.709821 0.107143 0.026786
0 0.260045 0.689732 0.015625 0.013393
0 0.101562 0.689732 0.024554 0.017857
0 0.376116 0.687500 0.029018 0.017857
0 0.438616 0.672991 0.055804 0.020089
0 0.324777 0.670759 0.064732 0.015625
0 0.521205 0.656250 0.037946 0.017857
0 0.582589 0.636161 0.049107 0.013393
0 0.655134 0.601562 0.020089 0.015625
0 0.689732 0.581473 0.013393 0.011161
0 0.814732 0.547991 0.058036 0.015625
0 0.881696 0.530134 0.017857 0.015625
0 0.946429 0.529018 0.062500 0.017857