0 0.642857 0.544643 0.008929 0.017857
0 0.434152 0.293527 0.011161 0.020089
0 0.427455 0.011161 0.011161 0.022321
0 0.450893 0.080357 0.013393 0.017857
0 0.637277 0.861607 0.015625 0.026786
0 0.421875 0.247768 0.017857 0.040179
0 0.421875 0.195312 0.013393 0.042411
0 0.600446 0.946429 0.013393 0.031250
0 0.640625 0.848214 0.022321 0.017857
0 0.599330 0.708705 0.015625 0.015625
0 0.636161 0.633929 0.013393 0.022321
0 0.648438 0.536830 0.020089 0.029018
0 0.619420 0.532366 0.020089 0.122768
0 0.494420 0.350446 0.015625 0.017857
0 0.470982 0.323661 0.026786 0.031250
0 0.422991 0.271205 0.015625 0.020089
0 0.420759 0.224330 0.020089 0.051339
0 0.421875 0.155134 0.008929 0.015625
0 0.420759 0.047991 0.020089 0.020089