0 0.591518 0.281250 0.013393 0.017857
0 0.561384 0.126116 0.020089 0.033482
0 0.425223 0.026786 0.042411 0.017857
0 0.473214 0.046875 0.026786 0.017857
0 0.445312 0.029018 0.033482 0.013393
0 0.407366 0.029018 0.015625 0.013393
0 0.760045 0.860491 0.011161 0.029018
0 0.744420 0.823661 0.020089 0.031250
0 0.726562 0.787946 0.015625 0.026786
0 0.689732 0.517857 0.017857 0.035714
0 0.666295 0.401786 0.024554 0.044643
0 0.582589 0.218750 0.013393 0.031250
0 0.563616 0.147321 0.015625 0.026786
0 0.051339 0.136161 0.102679 0.013393
0 0.171875 0.102679 0.080357 0.022321
0 0.513393 0.043527 0.058036 0.020089
0 0.564732 0.029018 0.017857 0.013393
0 0.593750 0.011161 0.035714 0.022321
0 0.379464 0.008929 0.035714 0.017857