0 0.150670 0.040179 0.011161 0.017857
0 0.989955 0.438616 0.020089 0.020089
0 0.193080 0.025670 0.024554 0.020089
0 0.902902 0.563616 0.011161 0.015625
0 0.940848 0.511161 0.015625 0.013393
0 0.190848 0.029018 0.011161 0.008929
0 0.635045 0.944196 0.024554 0.111607
0 0.670759 0.852679 0.015625 0.017857
0 0.724330 0.703125 0.020089 0.066964
0 0.867188 0.618304 0.015625 0.013393
0 0.975446 0.465402 0.013393 0.033482
0 0.988839 0.402902 0.022321 0.051339
0 0.886161 0.311384 0.013393 0.015625
0 0.866071 0.279018 0.013393 0.013393
0 0.833705 0.224330 0.011161 0.011161
0 0.810268 0.208705 0.022321 0.015625
0 0.517857 0.118304 0.035714 0.013393
0 0.100446 0.032366 0.017857 0.015625
0 0.056920 0.030134 0.033482 0.015625
0 0.030134 0.008929 0.006696 0.017857