0 0.333705 0.414062 0.011161 0.029018
0 0.361607 0.287946 0.026786 0.022321
0 0.383929 0.791295 0.013393 0.037946
0 0.331473 0.631696 0.011161 0.022321
0 0.337054 0.552455 0.013393 0.037946
0 0.367188 0.297991 0.015625 0.015625
0 0.388393 0.125000 0.017857 0.031250
0 0.476562 0.004464 0.055804 0.008929
0 0.410714 0.957589 0.026786 0.049107
0 0.405134 0.842634 0.015625 0.029018
0 0.386161 0.796875 0.013393 0.049107
0 0.367188 0.733259 0.015625 0.029018
0 0.349330 0.674107 0.015625 0.053571
0 0.333705 0.618304 0.015625 0.017857
0 0.350446 0.603795 0.013393 0.015625
0 0.369420 0.587054 0.011161 0.017857
0 0.402902 0.537946 0.011161 0.031250
0 0.351562 0.512277 0.011161 0.015625
0 0.376116 0.486607 0.029018 0.031250
0 0.351562 0.341518 0.020089 0.066964
0 0.348214 0.257812 0.035714 0.051339
0 0.362723 0.202009 0.024554 0.064732
0 0.390625 0.142857 0.013393 0.022321
0 0.386161 0.095982 0.013393 0.071429
0 0.411830 0.025670 0.029018 0.051339