0 0.080357 0.244420 0.026786 0.015625
0 0.837054 0.068080 0.040179 0.020089
0 0.123884 0.248884 0.073661 0.029018
0 0.039062 0.242188 0.078125 0.015625
0 0.233259 0.206473 0.033482 0.011161
0 0.341518 0.152902 0.035714 0.011161
0 0.411830 0.156250 0.064732 0.022321
0 0.314732 0.151786 0.013393 0.013393
0 0.848214 0.064732 0.013393 0.008929
0 0.428571 0.085938 0.102679 0.051339
0 0.716518 0.063616 0.031250 0.011161
0 0.493304 0.065848 0.017857 0.015625
0 0.891741 0.049107 0.037946 0.017857
0 0.678571 0.047991 0.035714 0.015625
0 0.530134 0.046875 0.015625 0.013393
0 0.949777 0.045759 0.029018 0.015625
0 0.777902 0.046875 0.051339 0.017857
0 0.591518 0.025670 0.066964 0.020089