0 0.059152 0.991071 0.015625 0.017857
0 0.118304 0.889509 0.013393 0.029018
0 0.119420 0.349330 0.015625 0.011161
0 0.414062 0.308036 0.029018 0.013393
0 0.100446 0.937500 0.013393 0.017857
0 0.110491 0.900670 0.024554 0.015625
0 0.128348 0.878348 0.029018 0.029018
0 0.275670 0.815848 0.015625 0.015625
0 0.323661 0.796875 0.066964 0.017857
0 0.296875 0.761161 0.013393 0.017857
0 0.402902 0.708705 0.011161 0.020089
0 0.421875 0.655134 0.013393 0.024554
0 0.420759 0.619420 0.015625 0.015625
0 0.376116 0.537946 0.029018 0.031250
0 0.261161 0.420759 0.013393 0.015625
0 0.830357 0.335938 0.013393 0.015625
0 0.797991 0.332589 0.015625 0.013393
0 0.083705 0.331473 0.015625 0.011161
0 0.466518 0.313616 0.031250 0.015625
0 0.367188 0.315848 0.015625 0.020089