0 0.116071 0.348214 0.031250 0.013393
0 0.850446 0.397321 0.044643 0.013393
0 0.937500 0.395089 0.049107 0.017857
0 0.819196 0.388393 0.022321 0.013393
0 0.589286 0.383929 0.022321 0.013393
0 0.513393 0.368304 0.017857 0.017857
0 0.139509 0.350446 0.015625 0.013393
0 0.109375 0.338170 0.031250 0.006696
0 0.771205 0.405134 0.024554 0.011161
0 0.848214 0.390625 0.058036 0.017857
0 0.008929 0.385045 0.017857 0.011161
0 0.595982 0.383929 0.022321 0.013393
0 0.679688 0.383929 0.029018 0.017857
0 0.527902 0.369420 0.020089 0.015625
0 0.280134 0.370536 0.087054 0.017857
0 0.229911 0.366071 0.017857 0.013393
0 0.418527 0.367188 0.042411 0.020089
0 0.343750 0.367188 0.035714 0.024554
0 0.484375 0.351562 0.031250 0.015625
0 0.159598 0.350446 0.033482 0.013393
0 0.083705 0.351562 0.020089 0.015625