0 0.954241 0.574777 0.029018 0.020089
0 0.561384 0.489955 0.020089 0.015625
0 0.988839 0.575893 0.022321 0.022321
0 0.018973 0.703125 0.037946 0.008929
0 0.938616 0.580357 0.020089 0.008929
0 0.849330 0.564732 0.024554 0.013393
0 0.334821 0.562500 0.013393 0.013393
0 0.065848 0.671875 0.015625 0.013393
0 0.135045 0.618304 0.011161 0.017857
0 0.236607 0.598214 0.111607 0.022321
0 0.975446 0.581473 0.013393 0.011161
0 0.316964 0.580357 0.017857 0.013393
0 0.891741 0.564732 0.069196 0.013393
0 0.351562 0.545759 0.020089 0.015625
0 0.396205 0.527902 0.029018 0.015625
0 0.600446 0.493304 0.049107 0.013393
0 0.474330 0.493304 0.015625 0.013393
0 0.758929 0.492188 0.013393 0.015625
0 0.706473 0.475446 0.051339 0.017857