0 0.712054 0.415179 0.013393 0.017857
0 0.717634 0.440848 0.006696 0.024554
0 0.647321 0.263393 0.017857 0.013393
0 0.671875 0.905134 0.008929 0.029018
0 0.482143 0.226562 0.035714 0.011161
0 0.525670 0.224330 0.020089 0.011161
0 0.618304 0.938616 0.004464 0.055804
0 0.625000 0.930804 0.017857 0.066964
0 0.675223 0.664062 0.011161 0.037946
0 0.248884 0.068080 0.037946 0.011161
0 0.674107 0.958705 0.017857 0.046875
0 0.622768 0.934152 0.008929 0.055804
0 0.672991 0.842634 0.020089 0.073661
0 0.678571 0.666295 0.008929 0.029018
0 0.672991 0.592634 0.015625 0.033482
0 0.707589 0.484375 0.017857 0.031250
0 0.725446 0.312500 0.013393 0.017857
0 0.652902 0.225446 0.015625 0.017857
0 0.332589 0.207589 0.013393 0.013393
0 0.180804 0.065848 0.062500 0.011161
0 0.010045 0.063616 0.020089 0.011161