0 0.079241 0.170759 0.011161 0.020089
0 0.053571 0.892857 0.008929 0.035714
0 0.073661 0.068080 0.017857 0.037946
0 0.098214 0.494420 0.017857 0.020089
0 0.088170 0.361607 0.015625 0.035714
0 0.045759 0.974330 0.011161 0.011161
0 0.045759 0.821429 0.015625 0.031250
0 0.081473 0.600446 0.011161 0.017857
0 0.098214 0.512277 0.017857 0.015625
0 0.089286 0.361607 0.008929 0.026786
0 0.085938 0.312500 0.015625 0.013393
0 0.081473 0.262277 0.015625 0.055804
0 0.079241 0.200893 0.015625 0.040179
0 0.074777 0.154018 0.011161 0.013393
0 0.083705 0.029018 0.015625 0.013393