0 0.585938 0.950893 0.024554 0.013393
0 0.205357 0.860491 0.017857 0.015625
0 0.223214 0.860491 0.022321 0.020089
0 0.280134 0.886161 0.015625 0.017857
0 0.062500 0.877232 0.013393 0.013393
0 0.511161 0.869420 0.013393 0.015625
0 0.545759 0.975446 0.011161 0.013393
0 0.343750 0.966518 0.035714 0.031250
0 0.405134 0.956473 0.015625 0.015625
0 0.440848 0.940848 0.015625 0.015625
0 0.645089 0.904018 0.026786 0.013393
0 0.127232 0.890625 0.031250 0.022321
0 0.256696 0.866071 0.017857 0.013393
0 0.063616 0.868304 0.082589 0.022321
0 0.707589 0.849330 0.013393 0.011161
0 0.545759 0.850446 0.042411 0.013393
0 0.152902 0.852679 0.087054 0.022321
0 0.767857 0.831473 0.031250 0.015625
0 0.841518 0.812500 0.071429 0.022321
0 0.922991 0.698661 0.015625 0.035714
0 0.936384 0.621652 0.020089 0.020089