0 0.351562 0.409598 0.015625 0.011161
0 0.991071 0.344866 0.017857 0.006696
0 0.723214 0.372768 0.017857 0.013393
0 0.246652 0.418527 0.024554 0.006696
0 0.345982 0.415179 0.022321 0.013393
0 0.305804 0.418527 0.075893 0.006696
0 0.295759 0.409598 0.087054 0.011161
0 0.527902 0.404018 0.011161 0.013393
0 0.700893 0.380580 0.053571 0.006696
0 0.681920 0.370536 0.064732 0.008929
0 0.725446 0.938616 0.008929 0.011161
0 0.895089 0.831473 0.031250 0.015625
0 0.963170 0.796875 0.060268 0.017857
0 0.007812 0.563616 0.015625 0.011161
0 0.387277 0.405134 0.015625 0.011161
0 0.186384 0.405134 0.020089 0.015625
0 0.434152 0.402902 0.037946 0.015625
0 0.620536 0.386161 0.022321 0.013393
0 0.966518 0.333705 0.031250 0.015625
0 0.857143 0.332589 0.044643 0.017857