0 0.131696 0.364955 0.013393 0.015625
0 0.852679 0.420759 0.044643 0.015625
0 0.165179 0.366071 0.031250 0.017857
0 0.655134 0.476562 0.158482 0.015625
0 0.393973 0.438616 0.033482 0.015625
0 0.880580 0.420759 0.024554 0.011161
0 0.832589 0.430804 0.049107 0.031250
0 0.939732 0.407366 0.017857 0.015625
0 0.974330 0.404018 0.015625 0.013393
0 0.243304 0.402902 0.053571 0.011161
0 0.311384 0.401786 0.020089 0.013393
0 0.055804 0.369420 0.066964 0.015625
0 0.171875 0.366071 0.017857 0.013393
0 0.209821 0.364955 0.013393 0.015625