0 0.539062 0.604911 0.029018 0.022321
0 0.744420 0.546875 0.033482 0.017857
0 0.922991 0.638393 0.015625 0.013393
0 0.872768 0.599330 0.017857 0.011161
0 0.562500 0.591518 0.022321 0.031250
0 0.764509 0.546875 0.015625 0.013393
0 0.065848 0.511161 0.015625 0.013393
0 0.030134 0.494420 0.015625 0.011161
0 0.977679 0.671875 0.044643 0.013393
0 0.880580 0.600446 0.024554 0.017857
0 0.841518 0.582589 0.026786 0.017857
0 0.592634 0.589286 0.073661 0.031250
0 0.287946 0.579241 0.026786 0.015625
0 0.805804 0.565848 0.026786 0.015625
0 0.661830 0.565848 0.029018 0.015625
0 0.209821 0.565848 0.075893 0.015625
0 0.465402 0.582589 0.100446 0.053571
0 0.366071 0.564732 0.049107 0.017857
0 0.774554 0.546875 0.017857 0.013393
0 0.535714 0.555804 0.031250 0.031250
0 0.710938 0.546875 0.024554 0.017857
0 0.143973 0.545759 0.029018 0.020089
0 0.107143 0.530134 0.031250 0.015625
0 0.073661 0.512277 0.026786 0.011161
0 0.492188 0.510045 0.011161 0.011161
0 0.438616 0.492188 0.055804 0.011161
0 0.007812 0.474330 0.015625 0.011161