0 0.562500 0.668527 0.022321 0.006696
0 0.061384 0.658482 0.015625 0.044643
0 0.267857 0.535714 0.031250 0.017857
0 0.948661 0.796875 0.031250 0.017857
0 0.016741 0.768973 0.033482 0.029018
0 0.902902 0.752232 0.055804 0.066964
0 0.750000 0.706473 0.031250 0.015625
0 0.047991 0.704241 0.015625 0.051339
0 0.597098 0.671875 0.091518 0.017857
0 0.485491 0.655134 0.029018 0.015625
0 0.452009 0.636161 0.024554 0.017857
0 0.066964 0.647321 0.017857 0.044643
0 0.402902 0.599330 0.011161 0.011161
0 0.321429 0.544643 0.031250 0.017857
0 0.218750 0.529018 0.031250 0.008929
0 0.099330 0.530134 0.011161 0.015625
0 0.046875 0.529018 0.013393 0.013393
0 0.027902 0.511161 0.015625 0.013393
0 0.045759 0.481027 0.015625 0.020089
0 0.008929 0.421875 0.017857 0.008929