0 0.183036 0.584821 0.017857 0.013393
0 0.265625 0.879464 0.017857 0.013393
0 0.281250 0.929688 0.013393 0.011161
0 0.244420 0.847098 0.015625 0.024554
0 0.177455 0.612723 0.020089 0.020089
0 0.181920 0.495536 0.011161 0.026786
0 0.155134 0.370536 0.015625 0.017857
0 0.081473 0.168527 0.015625 0.024554
0 0.282366 0.955357 0.020089 0.044643
0 0.275670 0.868304 0.015625 0.013393
0 0.225446 0.806920 0.013393 0.029018
0 0.206473 0.760045 0.015625 0.046875
0 0.187500 0.716518 0.013393 0.031250
0 0.171875 0.688616 0.013393 0.011161
0 0.151786 0.654018 0.026786 0.049107
0 0.180804 0.577009 0.026786 0.037946
0 0.188616 0.495536 0.024554 0.089286
0 0.169643 0.421875 0.017857 0.049107
0 0.151786 0.380580 0.013393 0.020089
0 0.137277 0.343750 0.015625 0.031250
0 0.116071 0.304688 0.013393 0.029018
0 0.101562 0.245536 0.015625 0.080357
0 0.083705 0.185268 0.015625 0.017857
0 0.073661 0.143973 0.026786 0.033482
0 0.045759 0.090402 0.015625 0.033482
0 0.064732 0.033482 0.017857 0.066964