0 0.508929 0.204241 0.017857 0.011161
0 0.066964 0.494420 0.013393 0.015625
0 0.332589 0.350446 0.013393 0.013393
0 0.698661 0.073661 0.035714 0.017857
0 0.976562 0.065848 0.015625 0.015625
0 0.027902 0.529018 0.011161 0.013393
0 0.128348 0.440848 0.033482 0.015625
0 0.190848 0.402902 0.015625 0.015625
0 0.224330 0.386161 0.011161 0.013393
0 0.294643 0.370536 0.026786 0.017857
0 0.412946 0.295759 0.031250 0.011161
0 0.474330 0.217634 0.015625 0.033482
0 0.525670 0.188616 0.015625 0.011161
0 0.495536 0.187500 0.017857 0.013393
0 0.563616 0.170759 0.011161 0.011161
0 0.600446 0.135045 0.013393 0.015625
0 0.638393 0.101562 0.017857 0.015625
0 0.751116 0.064732 0.029018 0.008929
0 0.832589 0.064732 0.013393 0.013393
0 0.806920 0.045759 0.029018 0.015625
0 0.909598 0.027902 0.078125 0.055804