0 0.993304 0.514509 0.013393 0.020089
0 0.975446 0.459821 0.013393 0.017857
0 0.477679 0.344866 0.089286 0.020089
0 0.398438 0.331473 0.024554 0.011161
0 0.993304 0.526786 0.013393 0.017857
0 0.956473 0.412946 0.015625 0.031250
0 0.939732 0.359375 0.013393 0.031250
0 0.500000 0.347098 0.031250 0.015625
0 0.678571 0.333705 0.031250 0.020089
0 0.899554 0.330357 0.022321 0.017857
0 0.637277 0.310268 0.042411 0.017857
0 0.766741 0.297991 0.033482 0.020089
0 0.331473 0.294643 0.015625 0.013393
0 0.258929 0.261161 0.053571 0.013393
0 0.013393 0.258929 0.026786 0.013393
0 0.087054 0.260045 0.116071 0.024554
0 0.181920 0.247768 0.064732 0.017857