0 0.775670 0.506696 0.020089 0.013393
0 0.670759 0.693080 0.020089 0.006696
0 0.832589 0.500000 0.022321 0.008929
0 0.727679 0.498884 0.022321 0.015625
0 0.466518 0.339286 0.040179 0.008929
0 0.437500 0.344866 0.022321 0.020089
0 0.297991 0.341518 0.024554 0.017857
0 0.885045 0.754464 0.020089 0.013393
0 0.619420 0.507812 0.020089 0.006696
0 0.815848 0.340402 0.024554 0.020089
0 0.777902 0.709821 0.011161 0.013393
0 0.724330 0.697545 0.060268 0.020089
0 0.368304 0.601562 0.017857 0.015625
0 0.669643 0.504464 0.084821 0.013393
0 0.839286 0.506696 0.035714 0.022321
0 0.766741 0.503348 0.037946 0.020089
0 0.484375 0.503348 0.066964 0.020089
0 0.573661 0.501116 0.066964 0.020089
0 0.640625 0.494420 0.022321 0.011161
0 0.145089 0.486607 0.062500 0.017857
0 0.791295 0.343750 0.029018 0.013393
0 0.489955 0.344866 0.055804 0.020089
0 0.563616 0.337054 0.055804 0.008929
0 0.367188 0.341518 0.113839 0.017857
0 0.839286 0.340402 0.031250 0.020089
0 0.956473 0.338170 0.042411 0.020089
0 0.985491 0.744420 0.029018 0.015625
0 0.934152 0.745536 0.078125 0.017857
0 0.861607 0.743304 0.031250 0.013393
0 0.808036 0.724330 0.031250 0.015625
0 0.581473 0.690848 0.087054 0.020089
0 0.502232 0.674107 0.031250 0.022321
0 0.436384 0.635045 0.015625 0.011161
0 0.381696 0.601562 0.022321 0.020089
0 0.290179 0.597098 0.102679 0.042411
0 0.299107 0.549107 0.013393 0.013393
0 0.135045 0.529018 0.051339 0.013393
0 0.020089 0.513393 0.040179 0.017857
0 0.322545 0.515625 0.033482 0.031250
0 0.841518 0.507812 0.035714 0.020089
0 0.670759 0.497768 0.082589 0.017857
0 0.941964 0.493304 0.058036 0.013393
0 0.113839 0.489955 0.111607 0.020089
0 0.008929 0.352679 0.017857 0.013393
0 0.655134 0.350446 0.046875 0.013393
0 0.566964 0.348214 0.089286 0.013393
0 0.475446 0.349330 0.049107 0.015625
0 0.378348 0.348214 0.100446 0.013393
0 0.892857 0.348214 0.031250 0.017857
0 0.832589 0.337054 0.013393 0.013393
0 0.954241 0.334821 0.020089 0.013393
0 0.787946 0.337054 0.031250 0.017857
0 0.261161 0.337054 0.017857 0.017857
0 0.993304 0.332589 0.013393 0.013393
0 0.164062 0.334821 0.136161 0.017857
0 0.723214 0.330357 0.049107 0.017857