0 0.244420 0.832589 0.011161 0.013393
0 0.262277 0.810268 0.015625 0.026786
0 0.270089 0.793527 0.008929 0.020089
0 0.272321 0.735491 0.008929 0.033482
0 0.332589 0.562500 0.013393 0.026786
0 0.449777 0.119420 0.020089 0.046875
0 0.169643 0.991071 0.013393 0.017857
0 0.188616 0.948661 0.011161 0.035714
0 0.207589 0.917411 0.013393 0.026786
0 0.225446 0.860491 0.013393 0.033482
0 0.263393 0.765625 0.022321 0.093750
0 0.331473 0.590402 0.015625 0.037946
0 0.331473 0.546875 0.011161 0.013393
0 0.367188 0.512277 0.011161 0.015625
0 0.368304 0.469866 0.013393 0.024554
0 0.370536 0.441964 0.017857 0.031250
0 0.349330 0.359375 0.015625 0.031250
0 0.367188 0.332589 0.015625 0.013393
0 0.387277 0.297991 0.015625 0.046875
0 0.402902 0.217634 0.015625 0.024554
0 0.456473 0.129464 0.011161 0.031250
0 0.458705 0.066964 0.015625 0.053571
0 0.477679 0.008929 0.017857 0.017857