0 0.934152 0.773438 0.024554 0.006696
0 0.090402 0.829241 0.015625 0.024554
0 0.438616 0.686384 0.020089 0.015625
0 0.693080 0.150670 0.015625 0.015625
0 0.675223 0.150670 0.029018 0.015625
0 0.867188 0.146205 0.020089 0.015625
0 0.520089 0.297991 0.013393 0.046875
0 0.011161 0.904018 0.022321 0.013393
0 0.927455 0.763393 0.033482 0.017857
0 0.665179 0.743304 0.040179 0.013393
0 0.777902 0.742188 0.015625 0.015625
0 0.591518 0.724330 0.066964 0.015625
0 0.501116 0.707589 0.033482 0.013393
0 0.406250 0.688616 0.013393 0.011161
0 0.530134 0.252232 0.015625 0.035714
0 0.795759 0.136161 0.051339 0.017857