0 0.633929 0.729911 0.022321 0.017857
0 0.674107 0.350446 0.013393 0.022321
0 0.665179 0.564732 0.013393 0.031250
0 0.627232 0.617188 0.013393 0.015625
0 0.629464 0.562500 0.008929 0.089286
0 0.661830 0.525670 0.011161 0.024554
0 0.674107 0.328125 0.013393 0.022321
0 0.687500 0.921875 0.013393 0.084821
0 0.618304 0.687500 0.013393 0.017857
0 0.626116 0.553571 0.006696 0.075893
0 0.671875 0.371652 0.013393 0.020089
0 0.671875 0.306920 0.013393 0.033482
0 0.674107 0.242188 0.013393 0.020089
0 0.671875 0.170759 0.013393 0.095982