0 0.761161 0.695312 0.022321 0.011161
0 0.138393 0.781250 0.017857 0.013393
0 0.774554 0.703125 0.022321 0.017857
0 0.017857 0.822545 0.035714 0.015625
0 0.267857 0.770089 0.026786 0.013393
0 0.731027 0.708705 0.024554 0.015625
0 0.054688 0.806920 0.109375 0.033482
0 0.180804 0.779018 0.066964 0.017857
0 0.277902 0.761161 0.082589 0.017857
0 0.412946 0.745536 0.107143 0.022321
0 0.477679 0.728795 0.017857 0.024554
0 0.967634 0.707589 0.033482 0.013393
0 0.818080 0.708705 0.037946 0.015625
0 0.511161 0.709821 0.013393 0.017857
0 0.743304 0.706473 0.026786 0.015625
0 0.617188 0.689732 0.051339 0.017857
0 0.554688 0.690848 0.033482 0.020089
0 0.886161 0.688616 0.084821 0.024554