0 0.526786 0.650670 0.022321 0.015625
0 0.465402 0.636161 0.015625 0.017857
0 0.779018 0.573661 0.031250 0.008929
0 0.225446 0.763393 0.013393 0.013393
0 0.262277 0.724330 0.011161 0.011161
0 0.813616 0.565848 0.011161 0.015625
0 0.102679 0.868304 0.017857 0.013393
0 0.206473 0.779018 0.011161 0.013393
0 0.244420 0.743304 0.015625 0.013393
0 0.316964 0.706473 0.013393 0.011161
0 0.349330 0.674107 0.011161 0.017857
0 0.554688 0.654018 0.033482 0.013393
0 0.371652 0.652902 0.015625 0.015625
0 0.625000 0.635045 0.066964 0.015625
0 0.690848 0.617188 0.015625 0.011161
0 0.709821 0.599330 0.017857 0.015625
0 0.762277 0.582589 0.055804 0.017857
0 0.930804 0.476562 0.062500 0.020089
0 0.985491 0.456473 0.029018 0.011161