0 0.282366 0.428571 0.015625 0.040179
0 0.270089 0.133929 0.013393 0.017857
0 0.267857 0.079241 0.013393 0.029018
0 0.244420 0.920759 0.020089 0.055804
0 0.263393 0.805804 0.022321 0.066964
0 0.279018 0.724330 0.017857 0.020089
0 0.296875 0.675223 0.017857 0.024554
0 0.295759 0.581473 0.015625 0.051339
0 0.277902 0.492188 0.015625 0.055804
0 0.279018 0.375000 0.017857 0.035714
0 0.279018 0.348214 0.017857 0.022321
0 0.280134 0.323661 0.015625 0.026786
0 0.262277 0.242188 0.011161 0.046875
0 0.262277 0.100446 0.011161 0.049107
0 0.258929 0.029018 0.017857 0.058036