0 0.754464 0.530134 0.026786 0.015625
0 0.047991 0.672991 0.015625 0.015625
0 0.994420 0.655134 0.011161 0.015625
0 0.190848 0.545759 0.015625 0.011161
0 0.007812 0.688616 0.015625 0.011161
0 0.966518 0.633929 0.026786 0.017857
0 0.929688 0.618304 0.029018 0.013393
0 0.898438 0.599330 0.024554 0.015625
0 0.111607 0.589286 0.035714 0.035714
0 0.841518 0.568080 0.026786 0.020089
0 0.806920 0.544643 0.037946 0.017857
0 0.773438 0.529018 0.029018 0.013393
0 0.691964 0.492188 0.013393 0.011161
0 0.655134 0.475446 0.051339 0.017857
0 0.319196 0.462054 0.093750 0.031250
0 0.387277 0.440848 0.020089 0.015625
0 0.458705 0.438616 0.055804 0.015625
0 0.518973 0.414062 0.033482 0.033482
0 0.493304 0.388393 0.017857 0.017857
0 0.526786 0.359375 0.013393 0.035714