0 0.607143 0.789062 0.008929 0.064732
0 0.654018 0.635045 0.013393 0.011161
0 0.691964 0.578125 0.013393 0.031250
0 0.697545 0.537946 0.011161 0.040179
0 0.709821 0.422991 0.013393 0.015625
0 0.857143 0.010045 0.008929 0.020089
0 0.600446 0.940848 0.013393 0.051339
0 0.619420 0.902902 0.015625 0.015625
0 0.614955 0.797991 0.020089 0.194196
0 0.635045 0.664062 0.020089 0.033482
0 0.690848 0.511161 0.020089 0.120536
0 0.727679 0.359375 0.017857 0.031250
0 0.743304 0.299107 0.013393 0.049107
0 0.761161 0.220982 0.022321 0.071429
0 0.741071 0.128348 0.049107 0.100446
0 0.761161 0.049107 0.008929 0.013393
0 0.868304 0.012277 0.017857 0.024554
0 0.725446 0.018973 0.013393 0.037946