0 0.062500 0.364955 0.017857 0.011161
0 0.956473 0.456473 0.015625 0.011161
0 0.243304 0.465402 0.022321 0.006696
0 0.089286 0.467634 0.013393 0.011161
0 0.745536 0.639509 0.013393 0.011161
0 0.154018 0.590402 0.017857 0.011161
0 0.250000 0.469866 0.035714 0.006696
0 0.120536 0.467634 0.071429 0.011161
0 0.199777 0.465402 0.064732 0.011161
0 0.850446 0.453125 0.084821 0.008929
0 0.136161 0.363839 0.049107 0.008929
0 0.026786 0.363839 0.053571 0.008929
0 0.821429 0.360491 0.071429 0.011161
0 0.511161 0.358259 0.227679 0.011161
0 0.901786 0.353795 0.022321 0.011161
0 0.705357 0.353795 0.053571 0.011161
0 0.116071 0.464286 0.053571 0.004464
0 0.733259 0.458705 0.029018 0.011161
0 0.931920 0.456473 0.029018 0.011161
0 0.475446 0.454241 0.156250 0.006696
0 0.083705 0.367188 0.015625 0.011161
0 0.824777 0.357143 0.064732 0.004464
0 0.946429 0.351562 0.040179 0.011161