0 0.791295 0.813616 0.033482 0.015625
0 0.126116 0.607143 0.037946 0.008929
0 0.425223 0.544643 0.037946 0.022321
0 0.929688 0.831473 0.064732 0.015625
0 0.859375 0.832589 0.031250 0.017857
0 0.802455 0.814732 0.033482 0.013393
0 0.698661 0.742188 0.031250 0.015625
0 0.629464 0.707589 0.026786 0.013393
0 0.018973 0.636161 0.037946 0.013393
0 0.133929 0.620536 0.084821 0.022321
0 0.314732 0.568080 0.084821 0.020089
0 0.466518 0.563616 0.031250 0.020089
0 0.438616 0.542411 0.011161 0.017857
0 0.397321 0.543527 0.026786 0.020089