0 0.584821 0.517857 0.022321 0.008929
0 0.087054 0.652902 0.040179 0.015625
0 0.162946 0.636161 0.035714 0.013393
0 0.532366 0.554688 0.033482 0.015625
0 0.797991 0.405134 0.015625 0.015625
0 0.904018 0.333705 0.013393 0.015625
0 0.054688 0.654018 0.033482 0.017857
0 0.145089 0.637277 0.031250 0.015625
0 0.217634 0.614955 0.046875 0.020089
0 0.297991 0.582589 0.082589 0.026786
0 0.410714 0.566964 0.066964 0.022321
0 0.517857 0.547991 0.071429 0.015625
0 0.625000 0.510045 0.049107 0.011161
0 0.705357 0.474330 0.013393 0.011161
0 0.760045 0.439732 0.015625 0.013393
0 0.823661 0.383929 0.035714 0.013393
0 0.948661 0.314732 0.044643 0.017857
0 0.992188 0.296875 0.015625 0.013393