0 0.166295 0.006696 0.020089 0.013393
0 0.446429 0.056920 0.035714 0.006696
0 0.650670 0.032366 0.020089 0.015625
0 0.229911 0.010045 0.017857 0.011161
0 0.227679 0.008929 0.026786 0.017857
0 0.216518 0.479911 0.031250 0.013393
0 0.262277 0.119420 0.015625 0.011161
0 0.287946 0.016741 0.031250 0.015625
0 0.243304 0.010045 0.013393 0.020089
0 0.938616 0.992188 0.015625 0.015625
0 0.618304 0.726562 0.013393 0.015625
0 0.546875 0.650670 0.017857 0.020089
0 0.008929 0.583705 0.017857 0.015625
0 0.045759 0.547991 0.015625 0.020089
0 0.313616 0.401786 0.020089 0.075893
0 0.243304 0.321429 0.017857 0.071429
0 0.198661 0.257812 0.031250 0.020089
0 0.190848 0.226562 0.015625 0.046875
0 0.225446 0.178571 0.017857 0.031250
0 0.118304 0.091518 0.008929 0.026786
0 0.313616 0.080357 0.015625 0.013393
0 0.508929 0.046875 0.022321 0.013393
0 0.420759 0.043527 0.015625 0.015625
0 0.626116 0.030134 0.033482 0.015625
0 0.956473 0.008929 0.011161 0.017857
0 0.742188 0.008929 0.011161 0.017857
0 0.200893 0.007812 0.035714 0.015625