0 0.186384 0.142857 0.015625 0.013393
0 0.233259 0.131696 0.020089 0.017857
0 0.722098 0.107143 0.024554 0.013393
0 0.573661 0.085938 0.026786 0.015625
0 0.027902 0.585938 0.015625 0.015625
0 0.797991 0.566964 0.011161 0.013393
0 0.662946 0.421875 0.013393 0.013393
0 0.991071 0.286830 0.017857 0.015625
0 0.592634 0.092634 0.029018 0.024554
0 0.456473 0.939732 0.011161 0.013393
0 0.008929 0.401786 0.017857 0.017857
0 0.008929 0.207589 0.017857 0.013393
0 0.705357 0.164062 0.013393 0.029018
0 0.309152 0.118304 0.073661 0.017857
0 0.043527 0.101562 0.015625 0.011161
0 0.010045 0.101562 0.020089 0.015625
0 0.633929 0.097098 0.013393 0.015625
0 0.478795 0.065848 0.020089 0.015625