0 0.011161 0.376116 0.017857 0.011161
0 0.420759 0.340402 0.020089 0.011161
0 0.767857 0.197545 0.026786 0.015625
0 0.958705 0.152902 0.029018 0.015625
0 0.889509 0.136161 0.020089 0.008929
0 0.521205 0.370536 0.064732 0.017857
0 0.031250 0.367188 0.022321 0.015625
0 0.296875 0.353795 0.053571 0.020089
0 0.097098 0.350446 0.046875 0.013393
0 0.431920 0.349330 0.064732 0.015625
0 0.196429 0.349330 0.031250 0.015625
0 0.148438 0.331473 0.024554 0.011161
0 0.351562 0.332589 0.046875 0.017857
0 0.628348 0.296875 0.029018 0.017857
0 0.979911 0.154018 0.040179 0.017857
0 0.901786 0.141741 0.026786 0.020089