0 0.279018 0.700893 0.013393 0.013393
0 0.272321 0.699777 0.013393 0.015625
0 0.334821 0.686384 0.013393 0.020089
0 0.956473 0.886161 0.015625 0.017857
0 0.562500 0.782366 0.013393 0.015625
0 0.914062 0.777902 0.033482 0.015625
0 0.637277 0.777902 0.015625 0.015625
0 0.675223 0.761161 0.020089 0.013393
0 0.781250 0.744420 0.017857 0.015625
0 0.821429 0.741071 0.035714 0.017857
0 0.429688 0.706473 0.033482 0.015625
0 0.143973 0.690848 0.037946 0.015625
0 0.099330 0.689732 0.020089 0.013393
0 0.356027 0.686384 0.042411 0.020089