0 0.866071 0.217634 0.017857 0.011161
0 0.066964 0.796875 0.013393 0.017857
0 0.323661 0.274554 0.031250 0.008929
0 0.063616 0.156250 0.020089 0.026786
0 0.077009 0.876116 0.020089 0.015625
0 0.064732 0.322545 0.013393 0.037946
0 0.224330 0.300223 0.011161 0.011161
0 0.312500 0.267857 0.022321 0.013393
0 0.458705 0.261161 0.024554 0.017857
0 0.100446 0.207589 0.008929 0.022321
0 0.814732 0.196429 0.049107 0.013393
0 0.049107 0.117188 0.017857 0.024554
0 0.064732 0.978795 0.013393 0.042411
0 0.081473 0.914062 0.024554 0.069196
0 0.061384 0.849330 0.011161 0.011161
0 0.007812 0.707589 0.015625 0.008929
0 0.011161 0.430804 0.022321 0.035714
0 0.026786 0.389509 0.017857 0.015625
0 0.261161 0.279018 0.013393 0.008929
0 0.993304 0.277902 0.013393 0.011161
0 0.065848 0.297991 0.015625 0.051339
0 0.154018 0.265625 0.013393 0.017857
0 0.468750 0.262277 0.035714 0.015625
0 0.370536 0.262277 0.022321 0.015625
0 0.966518 0.258929 0.031250 0.017857
0 0.415179 0.257812 0.071429 0.020089
0 0.935268 0.243304 0.017857 0.013393
0 0.531250 0.244420 0.017857 0.020089
0 0.043527 0.243304 0.020089 0.044643
0 0.583705 0.226562 0.020089 0.015625
0 0.101562 0.225446 0.011161 0.017857
0 0.741071 0.208705 0.049107 0.015625
0 0.034598 0.158482 0.069196 0.071429
0 0.007812 0.034598 0.015625 0.069196