0 0.994420 0.779018 0.011161 0.013393
0 0.832589 0.709821 0.017857 0.013393
0 0.226562 0.390625 0.011161 0.008929
0 0.877232 0.726562 0.031250 0.015625
0 0.795759 0.687500 0.015625 0.013393
0 0.779018 0.670759 0.013393 0.015625
0 0.742188 0.626116 0.015625 0.033482
0 0.736607 0.579241 0.008929 0.024554
0 0.055804 0.424107 0.071429 0.017857
0 0.627232 0.420759 0.031250 0.015625
0 0.119420 0.420759 0.020089 0.015625
0 0.007812 0.404018 0.015625 0.013393
0 0.536830 0.405134 0.136161 0.020089
0 0.226562 0.402902 0.091518 0.015625
0 0.341518 0.390625 0.026786 0.017857
0 0.416295 0.383929 0.095982 0.022321