0 0.387277 0.710938 0.011161 0.015625
0 0.496652 0.296875 0.015625 0.017857
0 0.568080 0.027902 0.015625 0.015625
0 0.350446 0.883929 0.013393 0.017857
0 0.569196 0.016741 0.017857 0.033482
0 0.331473 0.920759 0.015625 0.015625
0 0.349330 0.868304 0.015625 0.022321
0 0.387277 0.768973 0.020089 0.109375
0 0.440848 0.600446 0.020089 0.053571
0 0.470982 0.508929 0.017857 0.022321
0 0.475446 0.485491 0.013393 0.024554
0 0.458705 0.420759 0.015625 0.051339
0 0.493304 0.322545 0.017857 0.037946
0 0.545759 0.164062 0.015625 0.069196
0 0.564732 0.065848 0.013393 0.051339
0 0.565848 0.007812 0.011161 0.015625