0 0.491071 0.504464 0.022321 0.013393
0 0.618304 0.539062 0.022321 0.024554
0 0.975446 0.582589 0.013393 0.013393
0 0.732143 0.532366 0.035714 0.011161
0 0.354911 0.476562 0.017857 0.011161
0 0.911830 0.563616 0.037946 0.015625
0 0.666295 0.545759 0.060268 0.015625
0 0.546875 0.512277 0.044643 0.020089
0 0.417411 0.493304 0.017857 0.013393
0 0.393973 0.492188 0.024554 0.015625
0 0.363839 0.474330 0.017857 0.015625
0 0.232143 0.475446 0.075893 0.017857
0 0.127232 0.455357 0.031250 0.017857
0 0.007812 0.406250 0.015625 0.017857