0 0.314732 0.468750 0.022321 0.017857
0 0.928571 0.431920 0.035714 0.015625
0 0.309152 0.467634 0.020089 0.015625
0 0.343750 0.469866 0.026786 0.015625
0 0.542411 0.463170 0.022321 0.015625
0 0.879464 0.433036 0.080357 0.017857
0 0.991071 0.993304 0.017857 0.013393
0 0.008929 0.709821 0.017857 0.017857
0 0.081473 0.672991 0.015625 0.015625
0 0.064732 0.609375 0.013393 0.031250
0 0.333705 0.474330 0.011161 0.011161
0 0.396205 0.474330 0.069196 0.015625
0 0.467634 0.470982 0.033482 0.017857
0 0.589286 0.458705 0.044643 0.015625
0 0.667411 0.458705 0.102679 0.020089
0 0.045759 0.456473 0.015625 0.015625
0 0.804688 0.438616 0.029018 0.011161
0 0.007812 0.402902 0.015625 0.011161