0 0.757812 0.266741 0.015625 0.015625
0 0.059152 0.114955 0.037946 0.020089
0 0.940848 0.768973 0.015625 0.011161
0 0.860491 0.329241 0.029018 0.006696
0 0.934152 0.915179 0.006696 0.031250
0 0.939732 0.780134 0.017857 0.015625
0 0.984375 0.369420 0.031250 0.015625
0 0.877232 0.316964 0.031250 0.008929
0 0.590402 0.220982 0.029018 0.008929
0 0.262277 0.154018 0.011161 0.017857
0 0.071429 0.118304 0.022321 0.013393
0 0.886161 0.992188 0.026786 0.015625
0 0.920759 0.941964 0.015625 0.026786
0 0.924107 0.896205 0.013393 0.029018
0 0.928571 0.795759 0.013393 0.015625
0 0.959821 0.689732 0.017857 0.013393
0 0.977679 0.636161 0.022321 0.053571
0 0.993304 0.546875 0.013393 0.053571
0 0.986607 0.360491 0.026786 0.024554
0 0.931920 0.350446 0.033482 0.022321
0 0.833705 0.314732 0.015625 0.013393
0 0.698661 0.243304 0.031250 0.017857
0 0.598214 0.212054 0.049107 0.017857
0 0.526786 0.207589 0.049107 0.017857
0 0.449777 0.189732 0.100446 0.017857
0 0.356027 0.172991 0.037946 0.015625
0 0.328125 0.172991 0.017857 0.015625
0 0.197545 0.136161 0.029018 0.013393
0 0.089286 0.118304 0.035714 0.013393
0 0.164062 0.120536 0.029018 0.022321
0 0.127232 0.099330 0.026786 0.011161
0 0.007812 0.101562 0.015625 0.020089