0 0.333705 0.667411 0.020089 0.017857
0 0.198661 0.685268 0.031250 0.022321
0 0.527902 0.671875 0.011161 0.013393
0 0.760045 0.665179 0.020089 0.022321
0 0.319196 0.660714 0.035714 0.013393
0 0.559152 0.656250 0.020089 0.008929
0 0.968750 0.625000 0.035714 0.008929
0 0.118304 0.601562 0.049107 0.033482
0 0.008929 0.577009 0.017857 0.006696
0 0.547991 0.707589 0.046875 0.017857
0 0.161830 0.705357 0.029018 0.013393
0 0.491071 0.688616 0.013393 0.011161
0 0.208705 0.688616 0.046875 0.015625
0 0.434152 0.690848 0.091518 0.024554
0 0.618304 0.688616 0.084821 0.051339
0 0.280134 0.670759 0.082589 0.015625
0 0.723214 0.670759 0.044643 0.020089
0 0.358259 0.670759 0.029018 0.020089
0 0.830357 0.651786 0.049107 0.017857
0 0.948661 0.635045 0.102679 0.015625
0 0.101562 0.613839 0.011161 0.022321
0 0.141741 0.597098 0.069196 0.015625
0 0.081473 0.580357 0.020089 0.013393
0 0.008929 0.565848 0.017857 0.015625
0 0.007812 0.512277 0.015625 0.011161