0 0.938616 0.472098 0.020089 0.011161
0 0.441964 0.641741 0.026786 0.011161
0 0.245536 0.484375 0.017857 0.013393
0 0.691964 0.377232 0.017857 0.013393
0 0.300223 0.610491 0.015625 0.011161
0 0.225446 0.606027 0.013393 0.011161
0 0.198661 0.485491 0.066964 0.011161
0 0.277902 0.483259 0.020089 0.011161
0 0.900670 0.470982 0.055804 0.008929
0 0.879464 0.380580 0.066964 0.011161
0 0.574777 0.378348 0.207589 0.011161
0 0.010045 0.378348 0.020089 0.011161
0 0.955357 0.373884 0.022321 0.011161
0 0.766741 0.373884 0.060268 0.011161
0 0.988839 0.371652 0.022321 0.011161
0 0.217634 0.483259 0.029018 0.006696
0 0.974330 0.474330 0.051339 0.011161
0 0.546875 0.474330 0.156250 0.011161
0 0.216518 0.385045 0.062500 0.011161
0 0.109375 0.382812 0.066964 0.006696
0 0.583705 0.376116 0.189732 0.006696