0 0.280134 0.655134 0.011161 0.015625
0 0.121652 0.551339 0.020089 0.017857
0 0.494420 0.957589 0.015625 0.017857
0 0.385045 0.814732 0.011161 0.013393
0 0.332589 0.744420 0.013393 0.015625
0 0.017857 0.565848 0.035714 0.015625
0 0.159598 0.546875 0.037946 0.017857
0 0.939732 0.332589 0.017857 0.013393
0 0.796875 0.263393 0.013393 0.022321
0 0.473214 0.228795 0.017857 0.020089
0 0.493304 0.205357 0.013393 0.017857
0 0.654018 0.189732 0.013393 0.013393
0 0.611607 0.154018 0.026786 0.013393
0 0.545759 0.118304 0.015625 0.013393
0 0.529018 0.010045 0.013393 0.020089