0 0.008929 0.577009 0.017857 0.011161
0 0.595982 0.522321 0.026786 0.017857
0 0.128348 0.590402 0.064732 0.020089
0 0.329241 0.546875 0.020089 0.013393
0 0.654018 0.510045 0.008929 0.011161
0 0.955357 0.380580 0.017857 0.006696
0 0.565848 0.922991 0.011161 0.011161
0 0.531250 0.849330 0.017857 0.011161
0 0.550223 0.789062 0.024554 0.046875
0 0.546875 0.751116 0.013393 0.024554
0 0.280134 0.599330 0.015625 0.015625
0 0.385045 0.581473 0.011161 0.015625
0 0.402902 0.564732 0.011161 0.013393
0 0.368304 0.563616 0.017857 0.015625
0 0.029018 0.562500 0.058036 0.049107
0 0.457589 0.529018 0.017857 0.013393
0 0.558036 0.527902 0.035714 0.015625
0 0.474330 0.511161 0.015625 0.013393
0 0.688616 0.438616 0.011161 0.011161
0 0.724330 0.420759 0.015625 0.015625
0 0.804688 0.405134 0.100446 0.015625
0 0.871652 0.385045 0.015625 0.011161
0 0.946429 0.371652 0.066964 0.024554