0 0.501116 0.885045 0.015625 0.024554
0 0.506696 0.823661 0.022321 0.031250
0 0.610491 0.313616 0.011161 0.020089
0 0.565848 0.207589 0.015625 0.013393
0 0.508929 0.949777 0.013393 0.029018
0 0.500000 0.901786 0.017857 0.013393
0 0.510045 0.828125 0.015625 0.035714
0 0.492188 0.723214 0.011161 0.013393
0 0.511161 0.689732 0.013393 0.013393
0 0.530134 0.654018 0.015625 0.013393
0 0.546875 0.590402 0.013393 0.037946
0 0.546875 0.554688 0.013393 0.029018
0 0.563616 0.487723 0.015625 0.042411
0 0.582589 0.428571 0.013393 0.026786
0 0.602679 0.361607 0.022321 0.058036
0 0.602679 0.311384 0.017857 0.042411
0 0.583705 0.271205 0.015625 0.029018
0 0.529018 0.108259 0.013393 0.029018
0 0.582589 0.010045 0.017857 0.020089