0 0.742188 0.431920 0.020089 0.011161
0 0.635045 0.702009 0.020089 0.011161
0 0.492188 0.539062 0.029018 0.011161
0 0.510045 0.539062 0.015625 0.011161
0 0.819196 0.536830 0.058036 0.011161
0 0.546875 0.536830 0.013393 0.011161
0 0.117188 0.536830 0.234375 0.011161
0 0.592634 0.534598 0.033482 0.011161
0 0.680804 0.532366 0.102679 0.011161
0 0.189732 0.435268 0.299107 0.008929
0 0.465402 0.431920 0.082589 0.011161
0 0.830357 0.429688 0.089286 0.011161
0 0.518973 0.723214 0.029018 0.013393
0 0.418527 0.707589 0.020089 0.013393
0 0.008929 0.706473 0.017857 0.011161
0 0.342634 0.530134 0.064732 0.011161
0 0.639509 0.438616 0.122768 0.011161
0 0.473214 0.428571 0.053571 0.004464