0 0.572545 0.239955 0.011161 0.015625
0 0.314732 0.619420 0.013393 0.011161
0 0.939732 0.401786 0.013393 0.013393
0 0.815848 0.386161 0.011161 0.013393
0 0.440848 0.246652 0.015625 0.020089
0 0.566964 0.238839 0.062500 0.022321
0 0.420759 0.136161 0.011161 0.013393
0 0.356027 0.008929 0.011161 0.017857
0 0.294643 0.637277 0.013393 0.015625
0 0.350446 0.580357 0.017857 0.017857
0 0.419643 0.474330 0.013393 0.042411
0 0.847098 0.385045 0.051339 0.015625
0 0.439732 0.393973 0.013393 0.033482
0 0.457589 0.315848 0.013393 0.024554
0 0.522321 0.243304 0.066964 0.017857
0 0.610491 0.239955 0.064732 0.020089
0 0.419643 0.203125 0.017857 0.044643
0 0.404018 0.118304 0.013393 0.013393
0 0.387277 0.091518 0.015625 0.031250