0 0.476562 0.237723 0.011161 0.015625
0 0.881696 0.887277 0.022321 0.029018
0 0.989955 0.706473 0.020089 0.024554
0 0.887277 0.870536 0.015625 0.017857
0 0.924107 0.829241 0.013393 0.024554
0 0.938616 0.764509 0.015625 0.020089
0 0.993304 0.386161 0.013393 0.013393
0 0.452009 0.239955 0.024554 0.011161
0 0.529018 0.234375 0.022321 0.017857
0 0.604911 0.203125 0.026786 0.022321
0 0.886161 0.949777 0.017857 0.100446
0 0.902902 0.850446 0.015625 0.013393
0 0.934152 0.774554 0.024554 0.017857
0 0.956473 0.742188 0.011161 0.015625
0 0.977679 0.724330 0.017857 0.011161
0 0.849330 0.331473 0.011161 0.011161
0 0.803571 0.295759 0.031250 0.042411
0 0.779018 0.261161 0.013393 0.013393
0 0.398438 0.261161 0.024554 0.013393
0 0.203125 0.262277 0.040179 0.015625
0 0.756696 0.241071 0.017857 0.013393
0 0.271205 0.243304 0.033482 0.017857
0 0.080357 0.244420 0.049107 0.020089
0 0.161830 0.242188 0.033482 0.020089
0 0.007812 0.225446 0.015625 0.013393
0 0.681920 0.225446 0.064732 0.017857
0 0.342634 0.234375 0.064732 0.035714
0 0.608259 0.207589 0.029018 0.013393