0 0.422991 0.440848 0.015625 0.015625
0 0.506696 0.385045 0.044643 0.020089
0 0.796875 0.313616 0.035714 0.011161
0 0.619420 0.297991 0.015625 0.011161
0 0.065848 0.618304 0.015625 0.013393
0 0.026786 0.600446 0.053571 0.013393
0 0.183036 0.601562 0.165179 0.020089
0 0.440848 0.420759 0.011161 0.011161
0 0.466518 0.406250 0.031250 0.017857
0 0.527902 0.377232 0.015625 0.031250
0 0.546875 0.349330 0.008929 0.011161
0 0.564732 0.331473 0.013393 0.011161
0 0.809152 0.315848 0.024554 0.011161
0 0.599330 0.313616 0.015625 0.011161
0 0.868304 0.296875 0.013393 0.013393
0 0.983259 0.244420 0.033482 0.015625