0 0.315848 0.724330 0.011161 0.020089
0 0.368304 0.854911 0.022321 0.022321
0 0.314732 0.657366 0.013393 0.020089
0 0.172991 0.117188 0.011161 0.020089
0 0.170759 0.085938 0.024554 0.037946
0 0.439732 0.967634 0.013393 0.029018
0 0.331473 0.806920 0.015625 0.029018
0 0.315848 0.674107 0.020089 0.053571
0 0.261161 0.510045 0.013393 0.046875
0 0.243304 0.450893 0.013393 0.031250
0 0.190848 0.360491 0.015625 0.029018
0 0.174107 0.306920 0.017857 0.029018
0 0.151786 0.206473 0.022321 0.118304
0 0.176339 0.103795 0.013393 0.015625
0 0.170759 0.046875 0.024554 0.093750