0 0.805804 0.779018 0.008929 0.013393
0 0.741071 0.516741 0.017857 0.011161
0 0.728795 0.466518 0.015625 0.031250
0 0.727679 0.410714 0.017857 0.040179
0 0.688616 0.247768 0.015625 0.022321
0 0.813616 0.876116 0.011161 0.029018
0 0.795759 0.776786 0.015625 0.084821
0 0.779018 0.687500 0.017857 0.053571
0 0.763393 0.631696 0.017857 0.017857
0 0.758929 0.608259 0.013393 0.024554
0 0.743304 0.537946 0.013393 0.022321
0 0.726562 0.437500 0.015625 0.062500
0 0.707589 0.342634 0.013393 0.033482
0 0.689732 0.293527 0.013393 0.015625
0 0.689732 0.276786 0.017857 0.017857
0 0.688616 0.253348 0.011161 0.024554
0 0.651786 0.162946 0.013393 0.031250
0 0.636161 0.132812 0.013393 0.020089
0 0.635045 0.114955 0.011161 0.015625
0 0.583705 0.016741 0.015625 0.033482