0 0.806920 0.612723 0.033482 0.011161
0 0.582589 0.458705 0.013393 0.011161
0 0.467634 0.429688 0.033482 0.015625
0 0.511161 0.434152 0.017857 0.029018
0 0.011161 0.245536 0.022321 0.008929
0 0.984375 0.656250 0.031250 0.013393
0 0.852679 0.600446 0.040179 0.008929
0 0.735491 0.563616 0.029018 0.015625
0 0.699777 0.547991 0.029018 0.015625
0 0.546875 0.421875 0.013393 0.008929
0 0.242188 0.296875 0.011161 0.013393
0 0.186384 0.260045 0.015625 0.011161
0 0.054688 0.260045 0.033482 0.011161
0 0.127232 0.247768 0.093750 0.035714