0 0.207589 0.467634 0.026786 0.020089
0 0.747768 0.045759 0.017857 0.024554
0 0.869420 0.814732 0.015625 0.013393
0 0.256696 0.456473 0.026786 0.015625
0 0.770089 0.117188 0.008929 0.024554
0 0.974330 0.946429 0.015625 0.031250
0 0.885045 0.814732 0.020089 0.013393
0 0.779018 0.689732 0.013393 0.017857
0 0.742188 0.591518 0.015625 0.031250
0 0.572545 0.458705 0.029018 0.015625
0 0.063616 0.456473 0.046875 0.015625
0 0.013393 0.453125 0.026786 0.017857
0 0.686384 0.467634 0.020089 0.064732
0 0.366071 0.439732 0.120536 0.017857
0 0.671875 0.421875 0.013393 0.008929
0 0.741071 0.217634 0.013393 0.037946
0 0.765625 0.108259 0.017857 0.037946