0 0.032366 0.178571 0.024554 0.026786
0 0.483259 0.390625 0.033482 0.022321
0 0.456473 0.387277 0.020089 0.015625
0 0.510045 0.367188 0.011161 0.015625
0 0.766741 0.350446 0.029018 0.013393
0 0.646205 0.351562 0.020089 0.015625
0 0.334821 0.314732 0.013393 0.013393
0 0.225446 0.277902 0.013393 0.011161
0 0.939732 0.276786 0.013393 0.017857
0 0.414062 0.367188 0.033482 0.020089
0 0.627232 0.351562 0.031250 0.015625
0 0.791295 0.351562 0.060268 0.020089
0 0.547991 0.353795 0.078125 0.046875
0 0.849330 0.332589 0.015625 0.013393
0 0.359375 0.332589 0.031250 0.017857
0 0.885045 0.313616 0.011161 0.011161
0 0.289062 0.296875 0.029018 0.013393
0 0.199777 0.262277 0.029018 0.020089
0 0.130580 0.242188 0.020089 0.015625
0 0.008929 0.154018 0.017857 0.013393