0 0.224330 0.418527 0.020089 0.015625
0 0.962054 0.888393 0.017857 0.017857
0 0.475446 0.511161 0.022321 0.017857
0 0.208705 0.331473 0.015625 0.011161
0 0.136161 0.243304 0.013393 0.013393
0 0.956473 0.897321 0.020089 0.035714
0 0.966518 0.858259 0.066964 0.042411
0 0.904018 0.832589 0.013393 0.013393
0 0.867188 0.767857 0.015625 0.035714
0 0.814732 0.647321 0.013393 0.031250
0 0.524554 0.510045 0.053571 0.015625
0 0.621652 0.492188 0.060268 0.020089
0 0.448661 0.491071 0.031250 0.017857
0 0.412946 0.475446 0.035714 0.013393
0 0.383929 0.456473 0.013393 0.015625
0 0.328125 0.411830 0.058036 0.029018
0 0.258929 0.402902 0.013393 0.011161
0 0.160714 0.405134 0.062500 0.020089
0 0.077009 0.350446 0.029018 0.017857
0 0.027902 0.332589 0.055804 0.013393
0 0.180804 0.316964 0.031250 0.017857
0 0.109375 0.223214 0.031250 0.017857
0 0.064732 0.164062 0.013393 0.033482
0 0.047991 0.108259 0.015625 0.033482
0 0.027902 0.055804 0.015625 0.031250
0 0.007812 0.027902 0.015625 0.011161