0 0.224330 0.556920 0.024554 0.011161
0 0.314732 0.885045 0.013393 0.015625
0 0.277902 0.773438 0.015625 0.015625
0 0.690848 0.202009 0.015625 0.024554
0 0.331473 0.916295 0.015625 0.033482
0 0.299107 0.835938 0.022321 0.037946
0 0.279018 0.770089 0.049107 0.066964
0 0.010045 0.727679 0.020089 0.017857
0 0.062500 0.688616 0.017857 0.020089
0 0.172991 0.618304 0.015625 0.013393
0 0.376116 0.476562 0.029018 0.015625
0 0.573661 0.281250 0.031250 0.017857
0 0.635045 0.261161 0.011161 0.013393
0 0.794643 0.099330 0.013393 0.015625
0 0.862723 0.035714 0.029018 0.031250