0 0.012277 0.706473 0.020089 0.011161
0 0.233259 0.680804 0.033482 0.017857
0 0.583705 0.621652 0.011161 0.011161
0 0.507812 0.616071 0.011161 0.013393
0 0.885045 0.564732 0.011161 0.013393
0 0.073661 0.707589 0.102679 0.022321
0 0.171875 0.689732 0.013393 0.013393
0 0.286830 0.672991 0.029018 0.015625
0 0.386161 0.635045 0.017857 0.011161
0 0.368304 0.636161 0.017857 0.017857
0 0.470982 0.616071 0.031250 0.013393
0 0.529018 0.614955 0.049107 0.020089
0 0.992188 0.600446 0.015625 0.013393
0 0.921875 0.529018 0.013393 0.017857