0 0.991071 0.170759 0.017857 0.020089
0 0.378348 0.215402 0.033482 0.020089
0 0.368304 0.869420 0.013393 0.011161
0 0.993304 0.832589 0.013393 0.013393
0 0.581473 0.370536 0.011161 0.013393
0 0.368304 0.209821 0.013393 0.008929
0 0.917411 0.761161 0.017857 0.013393
0 0.510045 0.761161 0.015625 0.013393
0 0.529018 0.743304 0.013393 0.017857
0 0.734375 0.581473 0.035714 0.051339
0 0.706473 0.546875 0.015625 0.013393
0 0.957589 0.281250 0.017857 0.022321
0 0.475446 0.260045 0.013393 0.011161
0 0.448661 0.243304 0.031250 0.013393
0 0.296875 0.100446 0.013393 0.013393
0 0.206473 0.007812 0.011161 0.015625