0 0.295759 0.357143 0.024554 0.017857
0 0.794643 0.434152 0.053571 0.006696
0 0.780134 0.425223 0.046875 0.011161
0 0.880580 0.411830 0.033482 0.011161
0 0.502232 0.383929 0.031250 0.026786
0 0.377232 0.360491 0.066964 0.020089
0 0.315848 0.357143 0.015625 0.017857
0 0.078125 0.277902 0.017857 0.011161
0 0.722098 0.425223 0.020089 0.015625
0 0.832589 0.421875 0.017857 0.013393
0 0.656250 0.416295 0.084821 0.029018
0 0.984375 0.405134 0.031250 0.015625
0 0.542411 0.397321 0.125000 0.040179
0 0.430804 0.366071 0.031250 0.017857
0 0.180804 0.331473 0.031250 0.015625
0 0.007812 0.277902 0.015625 0.011161
0 0.047991 0.273438 0.033482 0.015625