0 0.742188 0.573661 0.015625 0.017857
0 0.008929 0.543527 0.017857 0.006696
0 0.017857 0.534598 0.035714 0.006696
0 0.742188 0.360491 0.091518 0.015625
0 0.467634 0.353795 0.029018 0.011161
0 0.209821 0.238839 0.017857 0.013393
0 0.563616 0.233259 0.082589 0.015625
0 0.864955 0.231027 0.091518 0.015625
0 0.414062 0.619420 0.024554 0.015625
0 0.610491 0.597098 0.029018 0.015625
0 0.166295 0.579241 0.029018 0.015625
0 0.277902 0.564732 0.015625 0.013393
0 0.244420 0.565848 0.015625 0.015625
0 0.993304 0.404018 0.013393 0.008929
0 0.588170 0.367188 0.060268 0.015625
0 0.851562 0.363839 0.051339 0.017857
0 0.289062 0.363839 0.176339 0.017857
0 0.169643 0.243304 0.013393 0.013393
0 0.079241 0.244420 0.055804 0.015625
0 0.858259 0.234375 0.064732 0.004464
0 0.709821 0.241071 0.089286 0.017857
0 0.334821 0.239955 0.254464 0.015625