0 0.109375 0.563616 0.022321 0.020089
0 0.172991 0.560268 0.020089 0.017857
0 0.939732 0.462054 0.022321 0.013393
0 0.949777 0.467634 0.015625 0.011161
0 0.129464 0.564732 0.031250 0.013393
0 0.709821 0.535714 0.044643 0.017857
0 0.927455 0.464286 0.033482 0.017857
0 0.870536 0.458705 0.022321 0.011161
0 0.295759 0.583705 0.082589 0.015625
0 0.428571 0.565848 0.138393 0.015625
0 0.141741 0.563616 0.037946 0.011161
0 0.084821 0.563616 0.013393 0.011161
0 0.554688 0.547991 0.064732 0.020089
0 0.661830 0.531250 0.029018 0.013393
0 0.975446 0.462054 0.049107 0.017857
0 0.883929 0.457589 0.013393 0.008929