0 0.919643 0.676339 0.017857 0.008929
0 0.989955 0.787946 0.020089 0.026786
0 0.655134 0.595982 0.029018 0.026786
0 0.370536 0.837054 0.017857 0.017857
0 0.761161 0.831473 0.004464 0.055804
0 0.750000 0.813616 0.013393 0.055804
0 0.742188 0.743304 0.011161 0.013393
0 0.797991 0.689732 0.024554 0.017857
0 0.762277 0.672991 0.015625 0.015625
0 0.680804 0.607143 0.031250 0.026786
0 0.493304 0.573661 0.013393 0.017857
0 0.488839 0.495536 0.017857 0.026786
0 0.312500 0.367188 0.017857 0.011161
0 0.238839 0.371652 0.026786 0.020089
0 0.104911 0.351562 0.022321 0.015625
0 0.297991 0.981027 0.011161 0.024554
0 0.757812 0.912946 0.020089 0.031250
0 0.368304 0.875000 0.022321 0.062500
0 0.992188 0.851562 0.015625 0.020089
0 0.367188 0.819196 0.015625 0.026786
0 0.754464 0.808036 0.017857 0.075893
0 0.743304 0.758929 0.013393 0.022321
0 0.725446 0.702009 0.013393 0.029018
0 0.811384 0.689732 0.020089 0.013393
0 0.910714 0.685268 0.031250 0.022321
0 0.958705 0.671875 0.015625 0.008929
0 0.861607 0.674107 0.071429 0.022321
0 0.989955 0.717634 0.020089 0.140625
0 0.458705 0.658482 0.015625 0.022321
0 0.704241 0.617188 0.024554 0.015625
0 0.678571 0.616071 0.026786 0.017857
0 0.628348 0.589286 0.029018 0.031250
0 0.493304 0.581473 0.013393 0.020089
0 0.493304 0.563616 0.013393 0.011161
0 0.599330 0.542411 0.024554 0.058036
0 0.487723 0.521205 0.020089 0.042411
0 0.496652 0.447545 0.020089 0.037946
0 0.370536 0.385045 0.044643 0.015625
0 0.261161 0.369420 0.053571 0.015625
0 0.127232 0.353795 0.031250 0.020089
0 0.188616 0.348214 0.020089 0.013393
0 0.165179 0.332589 0.022321 0.013393
0 0.068080 0.330357 0.046875 0.013393