0 0.573661 0.744420 0.008929 0.037946
0 0.582589 0.664062 0.013393 0.029018
0 0.591518 0.608259 0.008929 0.037946
0 0.669643 0.452009 0.013393 0.029018
0 0.681920 0.099330 0.006696 0.046875
0 0.786830 0.974330 0.033482 0.015625
0 0.702009 0.920759 0.024554 0.015625
0 0.672991 0.899554 0.015625 0.031250
0 0.619420 0.832589 0.015625 0.013393
0 0.583705 0.797991 0.011161 0.011161
0 0.565848 0.731027 0.020089 0.100446
0 0.583705 0.646205 0.015625 0.033482
0 0.582589 0.600446 0.017857 0.053571
0 0.652902 0.492188 0.011161 0.011161
0 0.668527 0.418527 0.020089 0.069196
0 0.654018 0.350446 0.017857 0.049107
0 0.635045 0.268973 0.024554 0.073661
0 0.655134 0.213170 0.011161 0.024554
0 0.671875 0.165179 0.026786 0.049107
0 0.670759 0.069196 0.024554 0.138393